编号
28010101
28010102
28010103
28010104
28010105
28010106
28020101
28020102
28020103
28020104
28020201
28030101
28030102
28030201
28030202
28030203
28030204
28050101
28050102
28050103
28050104
28010201
28010202
28010203
28010204
28010205
28010206
28010207
28010301
28010302
28010303
28010401
28010403
28020301
28020302
28020303
28020304
28020305
28030301
28030302
28030303
28030304
28030305
28030306
28030307
28030308
28030309
28030310
28030311
28030401
28030402
28030403
28030404
28030501
28030502
28030503
28040101
28040102
28040103
28040104
28040105
28040106
28040107
28040201
28040202
28040203
28040204
28040205
28040206
28040301
28040302
28040303
28040304
28040305
28040401
28040402
28040501
28040502
28040503
28040504
28040505
28040506
28040601
28040602
28020401
28020402
28020403
28020404
28020405
28020501
28020502
28020503
28020504
28020505
28020506
28020507
28020508
28020601
28020602
28020603
28020604
28050201
28050202
28050203
28050211
28050212
28050213
28020701
28020801
28220301
28220401
28220402
28220403
28220404
28220502
28220504
28220505
28220506
28230101
28240201
28240202
28240203
28240204
28240205
28240206
28240301
28240302
28240303
28240304
28240305
28240401
28240402
28240501
28240502
28240503
28240504
28240505
28240506
28240601
28240602
