ID	类型	重量	排序权重	物件ID	可丢弃	使用等级	全局产出上限	数值用类型	家具ID	名称$text_name_FurnitureName	GadgetID1	GadgetID2	GadgetID3	类型ID1	类型ID2	可配置表面	限制摆放数	特殊家具类型	室内场景ID	舒适度	堆叠上限	Cost	打折Cost	阶数
360001	6				0				200101	(test)墙面1	70910050	70910052	70910054			7		1		1	0	0	0	1
360002	6				0				200102	(test)墙面2	70910051	70910053	70910055			7		1		1	0	0	0	1
360003	6				0				200201	(test)地板1	70910048					6		1		1	0	0	0	1
360004	6				0				200202	(test)地板2	70910049					6		1		1	0	0	0	1
360005	6				0				200301	(test)天花板1	70910044					2		1		1	0	0	0	1
360006	6				0				200302	(test)天花板2	70910045					2		1		1	0	0	0	1
360007	6				0				200401	(test)吊灯1	70910058					5		1		1	0	0	0	1
360008	6				0				200402	(test)吊灯2	70910059					5		1		1	0	0	0	1
373100	6				0				700139	(test)测试用烧烤炉	70310014					0				1	0	0	0	1
369101	6		2900		0			成品家具	900101	(test)家园翠目猫	77303005			9002	9001	12				100	9999	500	500	3
369102	6		2900		0			成品家具	900102	(test)家园北地犬	77303004			9002	9001	12				100	9999	500	500	3
369103	6		2900		0			成品家具	900103	(test)野猪1号	77303001			9002		12				100	9999	500	500	3
369104	6		2900		0			成品家具	900104	(test)仙鹤1号	77303003			9002		12				100	9999	500	500	3
369105	6		2900		0			成品家具	900105	(test)家园巡林犬	77303009			9002	9001	12				100	9999	500	500	3
369106	6		2900		0			成品家具	900106	(test)家园柴犬	77303010			9002	9001	12				100	9999	500	500	3
369107	6		2900		0			成品家具	900107	(test)家园黑背猎犬	77303011			9002	9001	12				100	9999	500	500	3
369108	6		2900		0			成品家具	900108	(test)家园北地猫	77303006			9002	9001	12				100	9999	500	500	3
369109	6		2900		0			成品家具	900109	(test)家园虎纹猫	77303007			9002	9001	12				100	9999	500	500	3
369110	6		2900		0			成品家具	900110	(test)家园警长猫	77303008			9002	9001	12				100	9999	500	500	3
368101	6				0			成品家具	10000003	(test)枫原万叶	77015009			8001	8002	11		5		300	9999	1200	1200	1
368102	6				0			成品家具	10000006	(test)烟绯	77015009			8001	8002	11		5		300	9999	1200	1200	1
368103	6				0			成品家具	10000014	(test)优菈	77015009			8001	8002	11		5		300	9999	1200	1200	1
368104	6				0			成品家具	10000015	(test)琴	77015009			8001	8002	11		5		300	9999	1200	1200	1
368105	6				0			成品家具	10000016	(test)丽莎	77015009			8001	8002	11		5		300	9999	1200	1200	1
368106	6				0			成品家具	10000020	(test)芭芭拉	77015009			8001	8002	11		5		300	9999	1200	1200	1
368107	6				0			成品家具	10000021	(test)凯亚	77015009			8001	8002	11		5		300	9999	1200	1200	1
368108	6				0			成品家具	10000022	(test)迪卢克	77015009			8001	8002	11		5		300	9999	1200	1200	1
368109	6				0			成品家具	10000023	(test)雷泽	77015009			8001	8002	11		5		300	9999	1200	1200	1
368110	6				0			成品家具	10000025	(test)安柏	77015009			8001	8002	11		5		300	9999	1200	1200	1
368111	6				0			成品家具	10000026	(test)温迪	77015009			8001	8002	11		5		300	9999	1200	1200	1
368112	6				0			成品家具	10000027	(test)香菱	77015009			8001	8002	11		5		300	9999	1200	1200	1
368113	6				0			成品家具	10000029	(test)北斗	77015009			8001	8002	11		5		300	9999	1200	1200	1
368114	6				0			成品家具	10000030	(test)行秋	77015009			8001	8002	11		5		300	9999	1200	1200	1
368115	6				0			成品家具	10000031	(test)魈	77015009			8001	8002	11		5		300	9999	1200	1200	1
368116	6				0			成品家具	10000032	(test)凝光	77015009			8001	8002	11		5		300	9999	1200	1200	1
368117	6				0			成品家具	10000033	(test)可莉	77015009			8001	8002	11		5		300	9999	1200	1200	1
368118	6				0			成品家具	10000035	(test)钟离	77015009			8001	8002	11		5		300	9999	1200	1200	1
368119	6				0			成品家具	10000036	(test)菲谢尔	77015009			8001	8002	11		5		300	9999	1200	1200	1
368120	6				0			成品家具	10000037	(test)班尼特	77015009			8001	8002	11		5		300	9999	1200	1200	1
368121	6				0			成品家具	10000038	(test)达达利亚	77015009			8001	8002	11		5		300	9999	1200	1200	1
368122	6				0			成品家具	10000041	(test)诺艾尔	77015009			8001	8002	11		5		300	9999	1200	1200	1
368123	6				0			成品家具	10000042	(test)七七	77015009			8001	8002	11		5		300	9999	1200	1200	1
368124	6				0			成品家具	10000043	(test)重云	77015009			8001	8002	11		5		300	9999	1200	1200	1
368125	6				0			成品家具	10000044	(test)甘雨	77015009			8001	8002	11		5		300	9999	1200	1200	1
368126	6				0			成品家具	10000045	(test)阿贝多	77015009			8001	8002	11		5		300	9999	1200	1200	1
368127	6				0			成品家具	10000046	(test)迪奥娜	77015009			8001	8002	11		5		300	9999	1200	1200	1
368128	6				0			成品家具	10000047	(test)莫娜	77015009			8001	8002	11		5		300	9999	1200	1200	1
368129	6				0			成品家具	10000048	(test)刻晴	77015009			8001	8002	11		5		300	9999	1200	1200	1
368130	6				0			成品家具	10000049	(test)砂糖	77015009			8001	8002	11		5		300	9999	1200	1200	1
368131	6				0			成品家具	10000050	(test)辛焱	77015009			8001	8002	11		5		300	9999	1200	1200	1
368132	6				0			成品家具	10000051	(test)罗莎莉亚	77015009			8001	8002	11		5		300	9999	1200	1200	1
368133	6				0			成品家具	10000052	(test)胡桃	77015009			8001	8002	11		5		300	9999	1200	1200	1
368135	6				0			成品家具		(test)宵宫	77015009			8001	8002	11		5		300	9999	1200	1200	1
368136	6				0			成品家具		(test)早柚	77015009			8001	8002	11		5		300	9999	1200	1200	1
368137	6				0			成品家具		(test)神里	77015009			8001	8002	11		5		300	9999	1200	1200	1
368138	6				0			成品家具			77015009			8001	8002	11		5		300	9999	1200	1200	1
368139	6				0			成品家具			77015009			8001	8002	11		5		300	9999	1200	1200	1
368140	6				0			成品家具			77015009			8001	8002	11		5		300	9999	1200	1200	1
368141	6				0			成品家具			77015009			8001	8002	11		5		300	9999	1200	1200	1
368142	6				0			成品家具			77015009			8001	8002	11		5		300	9999	1200	1200	1
360101	6		200		0			成品家具	100101	(test)璃月墙				1001		7		1		30	9999	0	0	3
360102	6		200		0			成品家具	100102	(test)蒙德墙				1001		7		1		30	9999	0	0	3
360201	6		300		0			成品家具	100201	(test)璃月地板				1002		6		1		30	9999	0	0	3
360202	6		300		0			成品家具	100202	(test)蒙德地板				1002		6		1		30	9999	0	0	3
360301	6		400		0			成品家具	100301	(test)璃月天花板				1003		2		1		30	9999	0	0	3
360302	6		400		0			成品家具	100302	(test)蒙德天花板				1003		2		1		30	9999	0	0	3
360401	6		500		0			成品家具	100401	(test)满是蜡烛的吊灯	77108001			1004		5		1		60	9999	305	305	3
360402	6		500		0			成品家具	100402	(test)中国风吊灯	77108007			1004		5		1		60	9999	220	220	3
360403	6		500		0			成品家具	100403	(test)中国风尖的吊灯	77108008			1004		5		1		60	9999	220	220	3
360404	6		500		0			成品家具	100404	(test)南瓜灯	77108002			1004		5		1		60	9999	305	305	3
360405	6		500		0			成品家具	100405	(test)中式华丽大吊灯	77108010			1004		5		1		90	9999	220	220	4
364301	6		600		0			成品家具	500401	(test)璃月房间门01	77101053			1005		4		1		30	9999	0	0	3
364302	6		600		0			成品家具	500402	(test)蒙德房间门01	77101054			1005		4		1		30	9999	0	0	3
364401	6		700		0			成品家具	500403	(test)璃月房间楼梯				1006		10		1		30	9999	0	0	3
364402	6		700		0			成品家具	500404	(test)蒙德房间楼梯				1006		10		1		30	9999	0	0	3
372101	6		1600		0			成品家具	1000101	(test)高大的乐高	77002001			10001		9				20	9999	50	25	3
372102	6		1600		0			成品家具	1000102	(test)高的长方形乐高	77002002			10001		9				20	9999	50	25	3
372103	6		1600		0			成品家具	1000103	(test)高的正方形乐高	77002003			10001		9				20	9999	50	25	3
372104	6		1600		0			成品家具	1000104	(test)矮的大型乐高	77002004			10001		9				20	9999	50	25	3
372105	6		1600		0			成品家具	1000105	(test)矮的长方形乐高	77002005			10001		9				20	9999	50	25	3
372106	6		1600		0			成品家具	1000106	(test)矮的正方形乐高	77002006			10001		9				20	9999	50	25	3
361301	6		3200		0			成品家具	300301	(test)欧式木质桌子	77103001			3003		0				60	9999	169	127	3
361302	6		3200		0			成品家具	300302	(test)骑士团的长桌子	77103002			3003		0				60	9999	254	191	3
361303	6		3200		0			成品家具	300303	(test)骑士团的长桌子	77103003			3003		0				60	9999	254	191	3
361101	6		4100		0			成品家具	300101	(test)货柜	77103004			3005		0				60	9999	85	64	3
361304	6		3200		0			成品家具	300304	(test)大型炉灶	77103005			3003		0				90	9999	558	176	4
361305	6		3200		0			成品家具	300305	(test)做饭的炉子	77103006			3003		0				60	9999	558	85	3
361306	6		3200		0			成品家具	300306	(test)花花绿绿的桌子	77103007			3003		0				60	9999	169	127	3
361307	6		3200		0			成品家具	300307	(test)室外的招待餐桌	77103008			3003		0				30	9999	85	64	2
361308	6		3200		0			成品家具	300308	(test)中式书法桌	77103009			3003		0				60	9999	85	64	3
361309	6		3200		0			成品家具	300309	(test)中式饮茶桌	77103010			3003		0				60	9999	85	64	3
361501	6		4100		0			成品家具	300501	(test)中式掌柜台	77103011			3005		0				60	9999	101	76	3
361310	6		3200		0			成品家具	300310	(test)红木桌子	77103012			3003		0				60	9999	85	64	3
362201	6		2400		0			成品家具	400201	(test)欧式的火炉	77104001			4002		0				60	9999	727	254	3
363301	6		4800		0			成品家具	1100201	(test)竖琴	77104002			11002		3				60	9999	85	64	3
364201	6		2400		0			成品家具	500301	(test)餐厅招牌	77104003			4002		0				30	9999	85	64	2
362202	6		2400		0			成品家具	400202	(test)乘风破浪屏风	77104004			4002		0				90	9999	85	64	4
362203	6		2400		0			成品家具	400203	(test)很高的木质屏风	77104005			4002		0				90	9999	254	191	4
362101	6		3100		0			成品家具	400101	(test)唯一一个沙发	77105001			4001		0				90	9999	169	127	4
362102	6		3100		0			成品家具	400102	(test)蓝色的欧洲椅子	77105002			4001		0				60	9999	85	64	3
362103	6		3100		0			成品家具	400103	(test)骑士团铁椅	77105003			4001		0				60	9999	169	127	3
362104	6		3100		0			成品家具	400104	(test)室外餐桌的椅子	77105004			4001		0				30	9999	85	64	2
362105	6		3100		0			成品家具	400105	(test)中式茶桌的椅子	77105005			4001		0				60	9999	85	64	3
362106	6		3100		0			成品家具	400106	(test)红木桌子配套椅子	77105006			4001		0				60	9999	85	64	3
364202	6		5000		0			成品家具	500302	(test)发光的烛灯	77108003			5005		1				60	9999	169	127	3
363101	6		2500		0			成品家具	1100202	(test)放桌上发光的灯	77108004			11003		3				60	9999	85	64	3
363102	6		2500		0			成品家具	1100203	(test)中式床头灯	77108005			11003		3				60	9999	220	199	3
363103	6		2500		0			成品家具	1100204	(test)中式小摆灯	77108006			11003		3				60	9999	220	199	3
361311	6		3200		0			成品家具	300311	(test)放着瓶瓶罐罐的梳妆台	77110001			3003		0				60	9999	85	64	3
361201	6		3900		0			成品家具	300201	(test)放着很多书的书架	77110002			3002		0				90	9999	254	191	4
361202	6		3900		0			成品家具	300202	(test)书有点少的书架	77110003			3002		0				90	9999	169	127	4
361203	6		3900		0			成品家具	300203	(test)有些大的书柜	77110004			3002		0				90	9999	169	127	4
361204	6		3900		0			成品家具	300204	(test)大时钟	77110005			3002		0				90	9999	270	203	4
361205	6		3900		0			成品家具	300205	(test)放满了书的书柜	77110006			3002		0				90	9999	169	127	4
361102	6		3300		0			成品家具	300102	(test)放着杂物的货架	77110007			3001		0				60	9999	254	191	3
361103	6		3300		0			成品家具	300103	(test)放着食物的货架	77110008			3001		0				60	9999	338	254	3
361104	6		3300		0			成品家具	300104	(test)放着瓶子的橱柜	77110009			3001		0				60	9999	85	64	3
361206	6		3900		0			成品家具	300206	(test)中式卷轴书柜	77110010			3002		0				60	9999	196	147	3
361207	6		3900		0			成品家具	300207	(test)卷轴花瓶大书柜	77110011			3002		0				60	9999	201	151	3
361208	6		3900		0			成品家具	300208	(test)中式没那么大的书柜	77110012			3002		0				60	9999	85	64	3
362301	6		4500		0			成品家具	400401	(test)骑士团样子的地毯	77111001			4004		8				60	9999	85	64	3
362302	6		4500		0			成品家具	400402	(test)欧式地毯	77111002			4004		8				60	9999	85	64	3
362303	6		4500		0			成品家具	400403	(test)圆形蓝色地毯	77111003			4004		8				60	9999	85	64	3
362304	6		4500		0			成品家具	400404	(test)长方形红色地毯	77111004			4004		8				60	9999	85	64	3
364203	6		5000		0			成品家具	500303	(test)圆形的木质盾牌	77112001			5005		1				30	9999	85	64	2
364204	6		5000		0			成品家具	500304	(test)有棱角的木质盾牌	77112002			5005		1				30	9999	85	64	2
364205	6		5000		0			成品家具	500305	(test)特制的宝剑	77112003			5005		1				30	9999	85	64	2
364101	6		4900		0			成品家具	500306	(test)欧洲房子挂画	77112004			5003		1				90	9999	85	64	4
364102	6		4900		0			成品家具	500307	(test)璀璨的天空	77112005			5003		1				90	9999	85	64	4
364103	6		4900		0			成品家具	500308	(test)青青大草原挂画	77112006			5003		1				90	9999	85	64	4
364206	6		5000		0			成品家具	500309	(test)红色旗子	77112007			5005		1				60	9999	85	64	3
364207	6		5000		0			成品家具	500310	(test)蓝色的旗子	77112008			5005		1				60	9999	85	64	3
364208	6		5000		0			成品家具	500311	(test)剑盾墙饰	77112009			5005		1				90	9999	85	64	4
364209	6		5000		0			成品家具	500312	(test)室内小黑板	77112010			5005		1				30	9999	85	64	2
364210	6		5000		0			成品家具	500313	(test)室内小木板	77112011			5005		1				30	9999	85	64	2
364104	6		4900		0			成品家具	500314	(test)山水挂画	77112012			5003		1				90	9999	85	64	4
364105	6		4900		0			成品家具	500315	(test)花瓶挂画	77112013			5003		1				90	9999	85	64	4
364106	6		4900		0			成品家具	500316	(test)山水横着的挂画	77112014			5003		1				90	9999	85	64	4
363302	6		4800		0			成品家具	1100205	(test)一堆书	77115001			11002		3				60	9999	85	64	3
363303	6		4800		0			成品家具	1100206	(test)一摞书	77115002			11002		3				60	9999	85	64	3
363304	6		4800		0			成品家具	1100207	(test)文房四宝	77115003			11002		3				60	9999	85	64	3
363305	6		4800		0			成品家具	1100208	(test)沙漏	77115004			11002		3				60	9999	169	127	3
363201	6		4700		0			成品家具	1100101	(test)蓝瓶小花	77115005			11001		3				60	9999	169	127	3
363202	6		4700		0			成品家具	1100102	(test)白瓶盆栽	77115006			11001		3				60	9999	169	169	3
363203	6		4700		0			成品家具	1100209	(test)小花瓶套装	77115007			11001		3				60	9999	169	127	3
363204	6		4700		0			成品家具	1100210	(test)小盆栽套装	77115008			11001		3				60	9999	169	127	3
363306	6		4800		0			成品家具	1100211	(test)炼金瓶子组合	77115009			11002		3				60	9999	169	127	3
363307	6		4800		0			成品家具	1100212	(test)炼金小物件组合	77115010			11002		3				60	9999	113	85	3
363308	6		4800		0			成品家具	1100213	(test)中式的文房四宝	77115011			11002		3				60	9999	85	64	3
363205	6		4700		0			成品家具	1100103	(test)蓝色碗的盆栽	77115012			11001		3				60	9999	338	338	3
363309	6		4800		0			成品家具	1100214	(test)烛台	77115013			11002		3				60	9999	85	85	3
361401	6		4200		0			成品家具	300601	(test)欧洲风格的床	77109001			3006		0				60	9999	85	64	3
361402	6		4200		0			成品家具	300602	(test)中式床	77109002			3006		0				60	9999	85	64	3
361105	6		3300		0			成品家具	300105	(test)欧洲风格的衣柜	77110013			3001		0				60	9999	85	64	3
362204	6		2400		0			成品家具	400204	(test)欧式的床头柜	77110014			4002		0				60	9999	85	64	3
362205	6		2400		0			成品家具	400205	(test)璃月中式床头柜	77110015			4002		0				60	9999	85	64	3
361106	6		3300		0			成品家具	300106	(test)中式服装柜	77110016			3001		0				60	9999	85	64	3
364211	6		5000		0			成品家具	500501	(test)中式吊帘	77112015			5005		1				90	9999	85	64	4
362206	6		2400		0			成品家具	400206	(test)中式帘子	77104006			4002		0				90	9999	85	64	4
362207	6		2400		0			成品家具	400207	(test)中式花式屏风	77104007			4002		0				90	9999	85	64	4
363104	6		2500		0			成品家具	1100305	(test)欧式的台灯	77108009			11003		3				60	9999	85	64	3
370301	6		1300		0			成品家具	600501	(test)红顶的杂货摊位	77200001			6005		0				60	9999	60	43	3
370302	6		1300		0			成品家具	600502	(test)蓝顶的水果摊位	77200002			6005		0				60	9999	145	106	3
370303	6		1300		0			成品家具	600503	(test)白顶的水果摊	77200003			6005		0				60	9999	175	129	3
370304	6		1300		0			成品家具	600504	(test)红顶的铁匠铺	77200004			6005		0				90	9999	190	141	4
370305	6		1300		0			成品家具	600505	(test)黄顶的水果车	77200005			6005		0				60	9999	80	60	3
370201	6		1100		0			成品家具	600101	(test)方形的房子	77200006			13002		0				60	9999	205	103	3
370202	6		1100		0			成品家具	600102	(test)有两个阁楼的房子	77200007			13002		0				60	9999	255	126	3
370203	6		1100		0			成品家具	600103	(test)斜着的房子	77200008			13002		0				60	9999	245	121	3
370204	6		1100		0			成品家具	600104	(test)只有一个阁楼的房子	77200009			13002		0				60	9999	200	100	3
371101	6		900		0			成品家具	600301	(test)大喷泉	77200010			6003		0				90	9999	160	160	4
370205	6		1100		0			成品家具	600105	(test)会转水车的房子	77200011			13002		0				60	9999	300	149	3
370206	6		1100		0			成品家具	600106	(test)有烟囱的房子	77200012			13002		0				60	9999	195	98	3
370207	6		1100		0			成品家具	600107	(test)有楼梯的木房	77200013			13002		0				60	9999	160	118	3
370306	6		1300		0			成品家具	600506	(test)杂货铺	77200014			6005		0				60	9999	85	62	3
370501	6		1400		0			成品家具	600601	(test)蓝色顶棚	77200015			6006		0				60	9999	125	110	3
370307	6		1300		0			成品家具	600508	(test)水果货摊	77200016			6005		0				60	9999	110	93	3
370101	6		1000		0			成品家具	600108	(test)璃月草屋	77200017			13001		0				30	9999	125	62	2
370102	6		1000		0			成品家具	600109	(test)有地基的草屋	77200018			13001		0				30	9999	110	80	2
370502	6		1400		0			成品家具	600602	(test)草屋的顶棚	77200019			6006		0				30	9999	35	24	2
370103	6		1000		0			成品家具	600110	(test)璃月的大房子	77200020			13001		0				60	9999	210	104	3
370104	6		1000		0			成品家具	600111	(test)璃月小阁楼	77200021			13001		0				60	9999	205	101	3
370105	6		1000		0			成品家具	600112	(test)三开门的大房子	77200022			13001		0				60	9999	185	91	3
370106	6		1000		0			成品家具	600113	(test)有天台的璃月房	77200023			13001		0				60	9999	85	53	3
370107	6		1000		0			成品家具	600114	(test)双层的璃月房	77200024			13001		0				60	9999	85	53	3
370108	6		1000		0			成品家具	600115	(test)万民堂	77200025			13001		0				60	9999	85	41	3
370208	6		1000		0			成品家具	600116	(test)蓝顶的双层楼房	77200026			13001		0				60	9999	85	53	3
371201	6		800		0			成品家具	600201	(test)璃月大门	77200027			6002		0				90	9999	95	71	4
370401	6		1200		0			成品家具	600117	(test)丘丘人房子	77200028			13003		0				60	9999	155	113	3
371102	6		900		0			成品家具	600303	(test)丘丘人瞭望台	77200029			6003		0				60	9999	85	63	3
370402	6		1200		0			成品家具	600118	(test)丘丘人巨型豪宅	77200030			13003		0				90	9999	290	144	4
371103	6		900		0			成品家具	600304	(test)丘丘人草棚	77200031			6003		0				30	9999	95	71	2
374301	6		1200		0			成品家具	700201	(test)丘丘人小台子	77200032			13003		0				60	9999	95	71	3
370503	6		1400		0			成品家具	600603	(test)丘丘人帐篷	77200033			6006		0				60	9999	110	93	3
370504	6		1400		0			成品家具	600604	(test)丘丘人布篷	77200034			6006		0				60	9999	65	47	3
375101	6		100		0			成品家具	1200101	(test)蒙德主建筑	77200035			12001		13		6	2201	750	9999	945	945	5
374302	6		3200		0			成品家具	700202	(test)收纳着碗的桌子	77203001			7002		0				30	9999	35	24	2
374303	6		3200		0			成品家具	700203	(test)放着一些工具的锻造桌	77203002			7002		0				60	9999	35	24	3
374304	6		3200		0			成品家具	700204	(test)木头方桌	77203003			7002		0				30	9999	35	24	2
370308	6		1300		0			成品家具	600509	(test)火锅	77203004			6005		0				60	9999	145	121	3
374305	6		3200		0			成品家具	700205	(test)滚磨的轮盘	77203005			7002		0				60	9999	35	24	3
374306	6		3200		0			成品家具	700206	(test)合成台	77203006			7002		0				90	9999	35	24	4
373301	6		2400		0			成品家具	700501	(test)木头架子	77204001			7005		0				30	9999	65	47	2
373302	6		2400		0			成品家具	700502	(test)有盾牌和宝剑的武器堆	77204002			7005		0				30	9999	35	24	2
373303	6		2400		0			成品家具	700503	(test)零散几把武器的武器架	77204003			7005		0				60	9999	35	24	3
373101	6		2200		0			成品家具	700104	(test)一堆木箱子	77204004			7001		0				30	9999	40	28	2
373102	6		2200		0			成品家具	700105	(test)一堆木桶	77204005			7001		0				30	9999	35	24	2
373304	6		2400		0			成品家具	700504	(test)拖着杂物的木推车	77204006			7005		0				30	9999	65	47	2
373103	6		2200		0			成品家具	700107	(test)一堆草堆	77204007			7001		0				30	9999	35	24	2
373305	6		2400		0			成品家具	700505	(test)可以拉伸的水井	77204008			7005		0				60	9999	190	141	3
373104	6		2200		0			成品家具	700109	(test)酒坛架子	77204009			7001		0				60	9999	65	47	3
373201	6		2300		0			成品家具	700301	(test)常青树盆栽	77204010			7003		0				60	9999	125	125	3
373105	6		2200		0			成品家具	700110	(test)风筝堆	77204011			7001		0				60	9999	85	61	3
373106	6		2200		0			成品家具	700111	(test)很多把伞的铺子	77204012			7001		0				60	9999	110	93	3
370309	6		1300		0			成品家具	600510	(test)菜地摊	77204013			6005		0				60	9999	60	43	3
374401	6		3300		0			成品家具	700401	(test)放酒的大柜子	77204014			7004		0				60	9999	65	47	3
374402	6		3300		0			成品家具	700402	(test)集装箱货物柜	77204015			7004		0				60	9999	95	71	3
374307	6		3200		0			成品家具	700207	(test)年货的桌子	77204016			7002		0				60	9999	60	43	3
373306	6		2400		0			成品家具	700506	(test)田里的稻草人	77204017			7005		0				60	9999	35	24	3
373107	6		2200		0			成品家具	700113	(test)一组米袋	77204018			7001		0				30	9999	35	24	2
373307	6		2400		0			成品家具	700507	(test)简陋的水井	77204019			7005		0				30	9999	95	71	2
373308	6		2400		0			成品家具	700508	(test)有顶棚的水井	77204020			7005		0				60	9999	190	141	3
373309	6		2400		0			成品家具	700509	(test)石狮子右边	77204021			7005		0				90	9999	50	37	4
373310	6		2400		0			成品家具	700510	(test)石狮子左边	77204022			7005		0				90	9999	50	37	4
373108	6		2200		0			成品家具	700114	(test)蔬菜组合	77204023			7001		0				60	9999	35	24	3
373109	6		2200		0			成品家具	700115	(test)瓶罐组合	77204024			7001		0				60	9999	35	24	3
373110	6		2200		0			成品家具	700116	(test)空瓶子组合	77204025			7001		0				30	9999	35	24	2
374101	6		3000		0			成品家具	700601	(test)木质围栏	77204026			7006		0				30	9999	35	24	2
374102	6		3000		0			成品家具	700602	(test)木质稍微高一点的围栏	77204027			7006		0				30	9999	35	24	2
374103	6		3000		0			成品家具	700603	(test)丘丘人专属栅栏	77204028			7006		0				30	9999	65	47	2
374104	6		3000		0			成品家具	700604	(test)丘丘人带旗子的栅栏	77204029			7006		0				30	9999	65	47	2
373111	6		2200		0			成品家具	700117	(test)丘丘人标靶	77204030			7001		0				60	9999	65	47	3
373112	6		2200		0			成品家具	700118	(test)丘丘人水盆	77204031			7001		0				60	9999	35	24	3
373113	6		2200		0			成品家具	700119	(test)旅行人方向杆	77204032			7001		0				30	9999	65	47	2
374201	6		3100		0			成品家具	700701	(test)木质长椅	77205001			7007		0				30	9999	35	24	2
374202	6		3100		0			成品家具	700702	(test)石质的长椅	77205002			7007		0				30	9999	35	24	2
374308	6		3200		0			成品家具	700208	(test)室外茶桌	77206001			7002		0				60	9999	95	71	3
374309	6		3200		0			成品家具	700209	(test)室外木质饮茶桌	77206002			7002		0				60	9999	95	71	3
373202	6		2300		0			成品家具	700302	(test)木质花坛	77207001			7003		0				60	9999	65	47	3
374105	6		3000		0			成品家具	700605	(test)带草的篱笆栅栏	77207002			7006		0				60	9999	65	65	3
373401	6		2500		0			成品家具	700801	(test)蒙德风格蓝色旗子的路灯	77208001			7008		0				60	9999	115	97	3
373402	6		2500		0			成品家具	700802	(test)木杆子的路灯	77208002			7008		0				30	9999	85	74	2
373403	6		2500		0			成品家具	700803	(test)木质的路灯	77208003			7008		0				60	9999	135	124	3
373404	6		2500		0			成品家具	700804	(test)矮桩的路灯	77208004			7008		0				60	9999	85	74	3
373405	6		2500		0			成品家具	700805	(test)方顶的路灯	77208005			7008		0				60	9999	115	97	3
372401	6		3300		0			成品家具	1000401	(test)菜架子	77210001			7004	3001	0				20	9999	70	70	3
372402	6		1900		0			成品家具	1000402	(test)带花的草丛	77213001			10004		0				20	9999	50	50	3
372403	6		1900		0			成品家具	1000403	(test)空空的草丛	77213002			10004		0				20	9999	50	50	3
372404	6		1900		0			成品家具	1000404	(test)长的灌木	77213003			10004		0				20	9999	50	50	3
372405	6		1900		0			成品家具	1000405	(test)草堆灌木	77213004			10004		0				20	9999	50	50	3
372406	6		1900		0			成品家具	1000406	(test)小树枝灌木	77213005			10004		0				20	9999	50	50	3
372407	6		1900		0			成品家具	1000407	(test)带花的灌木	77213006			10004		0				20	9999	50	50	3
372408	6		1900		0			成品家具	1000408	(test)海岛上的灌木	77213007			10004		0				20	9999	50	50	3
372409	6		1900		0			成品家具	1000409	(test)叶子性灌木	77213008			10004		0				20	9999	50	50	3
372301	6		1800		0			成品家具	1000301	(test)蒙德树	77213009			10003		0				20	9999	150	150	3
372302	6		1800		0			成品家具	1000302	(test)两个树干的椰子树	77213010			10003		0				20	9999	50	50	3
372303	6		1800		0			成品家具	1000303	(test)一个树干的椰子树	77213011			10003		0				20	9999	50	50	3
372304	6		1800		0			成品家具	1000304	(test)枫叶树	77213012			10003		0				20	9999	350	350	3
372305	6		1800		0			成品家具	1000305	(test)弯曲的树	77213013			10003		0				20	9999	50	50	3
372306	6		1800		0			成品家具	1000306	(test)叶子泛黄的树	77213014			10003		0				20	9999	100	100	3
372201	6		1700		0			成品家具	1000201	(test)小型石堆	77214001			10002		0				20	9999	35	24	3
372202	6		1700		0			成品家具	1000202	(test)中型石堆	77214002			10002		0				20	9999	35	24	3
372203	6		1700		0			成品家具	1000203	(test)大块石头	77214003			10002		0				20	9999	35	21	3
373114	6		2200		0			成品家具	700120	(test)旅行人的书堆	77215001			7001		0				60	9999	35	24	3
371202	6		800		0			成品家具	600202	(test)蒙德主建筑庭院大门	77200036			6002		0				90	9999	45	33	4
371203	6		800		0			成品家具	600203	(test)蒙德主建筑庭院围栏收尾	77200037			6002		0				90	9999	35	24	4
371204	6		800		0			成品家具	600204	(test)蒙德主建筑庭院围栏	77200038			6002		0				90	9999	35	24	4
377101	6				0				121212122	(test)套装用家具	77015008					14		7		0	9999	0	0	1
362208	6		2400		0			成品家具	362208	(test)中式大鼓	77104009			4002		0				90	9999	85	64	4
3750102	6		100		0			成品家具	3750102	(test)璃月主建筑	77200040			12001		13		6	2202	750	9999	1440	1440	5
370109	6		1000		0			成品家具	370109	(test)璃月主建筑附属建筑	77200041			13001		0				90	9999	185	79	4
370110	6		1000		0			成品家具	370110	(test)璃月主建筑小亭子	77200042			13001		0				90	9999	185	136	4
371205	6		800		0			成品家具	371205	(test)璃月主建筑过道	77200043			6002		0				90	9999	160	118	4
371206	6		800		0			成品家具	371206	(test)璃月主建筑围墙	77200044			6002		0				90	9999	95	71	4
371207	6		800		0			成品家具	371207	(test)璃月主建筑L型转角墙	77200045			6002		0				90	9999	95	71	4
371208	6		800		0			成品家具	371208	(test)璃月主建筑丁字转角墙	77200046			6002		0				90	9999	95	61	4
371209	6		800		0			成品家具	371209	(test)璃月主建筑十字转角墙	77200047			6002		0				90	9999	95	61	4
371210	6		800		0			成品家具	371210	(test)璃月主建筑大门	77200048			6002		0				90	9999	180	117	4
371211	6		800		0			成品家具	371211	(test)璃月主建筑门洞	77200049			6002		0				90	9999	95	71	4
372307	6		1800		0			成品家具	372307	(test)绿叶树	77213015			10003		0				20	9999	200	200	3
372308	6		1800		0			成品家具	372308	(test)绿叶茂盛的树	77213016			10003		0				20	9999	100	100	3
372309	6		1800		0			成品家具	372309	(test)黄叶松树	77213017			10003		0				20	9999	250	250	3
372310	6		1800		0			成品家具	372310	(test)绿叶松树	77213018			10003		0				20	9999	250	250	3
372311	6		1800		0			成品家具	372311	(test)枫叶弯树	77213019			10003		0				20	9999	200	200	3
372312	6		1800		0			成品家具	372312	(test)绿叶弯树	77213020			10003		0				20	9999	100	100	3
372313	6		1800		0			成品家具	372313	(test)黄叶弯树	77213021			10003		0				20	9999	100	100	3
372314	6		1800		0			成品家具	372314	(test)黄叶直树	77213022			10003		0				20	9999	100	100	3
372315	6		1800		0			成品家具	372315	(test)枫叶直树	77213023			10003		0				20	9999	100	100	3
372316	6		1800		0			成品家具	372316	(test)绿叶直树	77213024			10003		0				20	9999	100	100	3
372317	6		1800		0			成品家具	372317	(test)弯竹子	77213025			10003		0				20	9999	50	50	3
372318	6		1800		0			成品家具	372318	(test)茂盛的竹子	77213026			10003		0				20	9999	100	100	3
372319	6		1800		0			成品家具	372319	(test)稀疏的竹子	77213027			10003		0				20	9999	50	50	3
372410	6		1900		0			成品家具	372410	(test)绿叶草堆	77213028			10004		0				10	9999	50	50	2
372411	6		1900		0			成品家具	372411	(test)黄叶草堆	77213029			10004		0				10	9999	50	50	2
372412	6		1900		0			成品家具	372412	(test)红叶草堆	77213030			10004		0				10	9999	50	50	2
372413	6		1900		0			成品家具	372413	(test)散的叶子堆	77213031			10004		0				20	9999	50	50	3
372414	6		1900		0			成品家具	372414	(test)直的叶子堆	77213032			10004		0				20	9999	50	50	3
372415	6		1900		0			成品家具	372415	(test)枫叶绿植	77213033			10004		0				20	9999	50	50	3
372416	6		1900		0			成品家具	372416	(test)黄叶绿植	77213034			10004		0				20	9999	50	50	3
372417	6		1900		0			成品家具	372417	(test)枯萎的绿植	77213035			10004		0				20	9999	50	50	3
372418	6		1900		0			成品家具	372418	(test)茂密的绿植	77213036			10004		0				20	9999	50	50	3
372419	6		1900		0			成品家具	372419	(test)绿黄色直叶子堆	77213037			10004		0				10	9999	50	50	2
372420	6		1900		0			成品家具	372420	(test)散的绿黄色叶子堆	77213038			10004		0				10	9999	50	50	2
372421	6		1900		0			成品家具	372421	(test)红色色直叶子堆	77213039			10004		0				10	9999	50	50	2
372422	6		1900		0			成品家具	372422	(test)散的红色叶子堆	77213040			10004		0				10	9999	50	50	2
372423	6		1900		0			成品家具	372423	(test)绿色直叶子堆	77213041			10004		0				10	9999	50	50	2
372424	6		1900		0			成品家具	372424	(test)散的绿色叶子堆	77213042			10004		0				10	9999	50	50	2
372425	6		1900		0			成品家具	372425	(test)绿色一堆草	77213043			10004		0				10	9999	50	50	2
372426	6		1900		0			成品家具	372426	(test)绿黄一堆草	77213044			10004		0				10	9999	50	50	2
372427	6		1900		0			成品家具	372427	(test)苍绿一堆草	77213045			10004		0				10	9999	50	50	2
372428	6		1900		0			成品家具	372428	(test)绿色两堆草	77213046			10004		0				10	9999	50	50	2
372429	6		1900		0			成品家具	372429	(test)黄色两堆草	77213047			10004		0				10	9999	50	50	2
372430	6		1900		0			成品家具	372430	(test)圆的草堆	77213048			10004		0				20	9999	50	50	3
372431	6		1900		0			成品家具	372431	(test)稍高的绿植	77213049			10004		0				20	9999	50	50	3
372432	6		1900		0			成品家具	372432	(test)稍高的茂密绿植	77213050			10004		0				20	9999	50	50	3
372204	6		1700		0			成品家具	372204	(test)大一点的花岗岩	77214004			10002		0				20	9999	35	24	3
372205	6		1700		0			成品家具	372205	(test)圆的黄色石头	77214005			10002		0				20	9999	35	24	3
372206	6		1700		0			成品家具	372206	(test)立着的黄色石头	77214006			10002		0				20	9999	35	24	3
372207	6		1700		0			成品家具	372207	(test)扁的黄色石头	77214007			10002		0				20	9999	35	24	3
372208	6		1700		0			成品家具	372208	(test)小的黄色石头	77214008			10002		0				20	9999	35	24	3
372209	6		1700		0			成品家具	372209	(test)聚在一起的黄色石头	77214009			10002		0				20	9999	35	24	3
372210	6		1700		0			成品家具	372210	(test)一堆黄色小石头	77214010			10002		0				20	9999	35	24	3
372211	6		1700		0			成品家具	372211	(test)零散的黄色小石头	77214011			10002		0				20	9999	35	24	3
372212	6		1700		0			成品家具	372212	(test)扁的不明显的黄色石头	77214012			10002		0				20	9999	35	24	3
372213	6		1700		0			成品家具	372213	(test)方的黄色石头	77214013			10002		0				20	9999	35	24	3
372214	6		1700		0			成品家具	372214	(test)长的黄色石头	77214014			10002		0				20	9999	35	24	3
372215	6		1700		0			成品家具	372215	(test)圆的蓝色石头	77214015			10002		0				20	9999	35	24	3
372216	6		1700		0			成品家具	372216	(test)长着苔藓的蓝色石头	77214016			10002		0				20	9999	35	24	3
372217	6		1700		0			成品家具	372217	(test)扁的蓝色石头	77214017			10002		0				20	9999	35	24	3
372218	6		1700		0			成品家具	372218	(test)方的蓝色石头、	77214018			10002		0				20	9999	35	24	3
372219	6		1700		0			成品家具	372219	(test)菱形的蓝色石头	77214019			10002		0				20	9999	35	24	3
372220	6		1700		0			成品家具	372220	(test)发光的尖石头	77214020			10002		0				30	9999	35	24	4
372221	6		1700		0			成品家具	372221	(test)发光的黄石头	77214021			10002		0				30	9999	35	24	4
371104	6		900		0			成品家具	371105	(test)蒙德大风车	77200039			6003		0				90	9999	185	185	4
360406	6		2500		0			成品家具	100406	(test)中式花灯	77108011			11003		0				90	9999	305	262	4
362209	6		2400		0			成品家具	362209	(test)中式舞台	77104008			4002		0				90	9999	175	131	4
373115	6		2200		0			成品家具	700121	(test)木水桶	77204033			7001		0				30	9999	35	24	2
373203	6		2300		0			成品家具	700303	(test)木桶盆栽	77204034			7003		0				30	9999	35	24	2
374106	6		3000		0			成品家具	700606	(test)葡萄篱笆	77213051			7006		0				60	9999	95	95	3
374107	6		3000		0			成品家具	700607	(test)木质细围栏	77215002			7006		0				30	9999	35	24	2
374108	6		3000		0			成品家具	700608	(test)木质细围栏2	77215003			7006		0				30	9999	35	24	2
373116	6		2200		0			成品家具	700122	(test)高木杆	77215004			7001		0				30	9999	35	24	2
371107	6		900		0			成品家具	371106	(test)木质简陋棚	77215005			6003		0				30	9999	145	121	2
373117	6		2200		0			成品家具	700123	(test)一捆木柴	77215006			7001		0				30	9999	35	24	2
373118	6		2200		0			成品家具	700124	(test)有布的木箱	77215007			7001		0				60	9999	35	24	3
373311	6		2400		0			成品家具	700511	(test)室外点心组件	77215008			7005		0				60	9999	60	43	3
373312	6		2400		0			成品家具	700512	(test)旅行者用装	77215009			7005		0				60	9999	35	24	3
373119	6		2200		0			成品家具	700125	(test)城市水池盆	77215010			7001		0				60	9999	65	47	3
363310	6		4800		0			成品家具	1100215	(test)室内陶瓷茶具组合	77215011			11002		3				60	9999	35	35	3
374310	6		3200		0			成品家具	700210	(test)带坐垫的阳伞	77203007			7002		0				90	9999	85	64	4
374311	6		3200		0			成品家具	700211	(test)谷歌桌子	77203008			7002		0				90	9999	35	24	4
374403	6		3300		0			成品家具	700403	(test)花园架	77204035			7004		0				90	9999	130	95	4
373120	6		2200		0			成品家具	700126	(test)羽球堆	77204036			7001		0				90	9999	35	24	4
374404	6		3300		0			成品家具	700404	(test)贝壳架	77204037			7004		0				90	9999	35	24	4
373313	6		2400		0			成品家具	700513	(test)艾莉丝留声机	77204038			7005		0				90	9999	35	24	4
373121	6		2200		0			成品家具	700127	(test)大型蓬蓬果气球	77204039			7001		0				60	9999	65	47	3
373122	6		2200		0			成品家具	700128	(test)蒲公英状的指向标	77204040			7001		0				60	9999	35	24	3
373123	6		2200		0			成品家具	700129	(test)木桩	77204041			7001		0				60	9999	35	24	3
373124	6		2200		0			成品家具	700130	(test)邮箱	77204042			7001		0				60	9999	35	24	3
374203	6		3100		0			成品家具	700703	(test)谷歌椅子	77205003			7007		0				90	9999	35	24	4
371109	6		900		0			成品家具	371108	(test)池塘	77215012			6003		0				90	9999	400	400	4
372501	6		2000		0			成品家具			77215014			10005		0	2	2		90	9999	500	500	4
372502	6		2000		0			成品家具			77215016			10005		0	2	2		90	9999	500	500	4
372503	6		2000		0			成品家具			77215018			10005		0	2	2		90	9999	500	500	4
363311	6		4800		0			成品家具			77115014			11002		3				90	9999	85	64	4
374312	6		3200		0			成品家具		(test)桌椅_桌子	77203009			3003		0				60	9999	35	35	3
363312	6		4800		0			成品家具		(test)茶具	77204043			11002		3				60	9999	85	64	3
374204	6		3100		0			成品家具		(test)桌椅_椅子	77205004			4001		0				60	9999	35	35	3
372320	6		1800		0			成品家具		(test)雷樱树	77213052			10003		0				30	9999	550	550	4
372222	6		1700		0			成品家具		(test)假山1	77214022			10002		0				20	9999	35	21	3
372223	6		1700		0			成品家具		(test)假山2	77214023			10002		0				20	9999	35	24	3
373125	6		2200		0			成品家具		(test)石蹲踞	77215023			7001		0				90	9999	125	94	4
373204	6		2300		0			成品家具		(test)盆栽	77215024			7003		0				60	9999	95	95	3
373406	6		2500		0			成品家具		(test)石灯	77215025			7008		0				60	9999	115	97	3
373501	6		3400		0			成品家具		(test)传送点	77215022			7009		0	10	3		90	9999	120	120	4
368134	6				0			成品家具		(test)派蒙	77015009					11		8		100	9999	1500	1500	4
373601	6		3500		0			成品家具	371108	(test)池塘	77215026			7010		0		4		200	9999	1800	1800	4
379001	6		2700		0			成品家具						14001		12		9		0	9999	0	0	4
379002	6		2700		0			成品家具						14001		12		9		0	9999	0	0	4
379003	6		2700		0			成品家具						14001		12		9		0	9999	0	0	4
379004	6		2700		0			成品家具						14001		12		9		0	9999	0	0	4
379005	6		2700		0			成品家具						14001		12		9		0	9999	0	0	4
379006	6		2700		0			成品家具						14001		12		9		0	9999	0	0	4
379007	6		2700		0			成品家具						14001		12		9		0	9999	0	0	4
379008	6		2700		0			成品家具						14001		12		9		0	9999	0	0	4
379009	6		2700		0			成品家具						14001		12		9		0	9999	0	0	4
379010	6		2700		0			成品家具						14001		12		9		0	9999	0	0	4
379011	6		2700		0			成品家具						14001		12		9		0	9999	0	0	4
379012	6		2700		0			成品家具						14001		12		9		0	9999	0	0	4
379013	6		2700		0			成品家具						14001		12		9		0	9999	0	0	4
379014	6		2700		0			成品家具						14001		12		9		0	9999	0	0	4
379015	6		2700		0			成品家具						14001		12		9		0	9999	0	0	4
379016	6		2700		0			成品家具						14001		12		9		0	9999	0	0	4
379017	6		2700		0			成品家具						14001		12		9		0	9999	0	0	4
379018	6		2700		0			成品家具						14001		12		9		0	9999	0	0	4
379019	6		2700		0			成品家具						14001		12		9		0	9999	0	0	4
379020	6		2700		0			成品家具						14001		12		9		0	9999	0	0	4
379021	6		2700		0			成品家具						14001		12		9		0	9999	0	0	4
372601	6		2100		0			成品家具			77002007			10006		9				20	9999	50	25	3
372602	6		2100		0			成品家具			77002008			10006		9				20	9999	50	25	3
372603	6		2100		0			成品家具			77002009			10006		9				20	9999	50	25	3
372604	6		2100		0			成品家具			77002010			10006		9				20	9999	50	25	3
373314	6		2400		0			成品家具	371108	(test)音乐会家具	77204046			7005		0				90	9999	400	400	4
373701	6		2600		0			成品家具			77215027			7011		0		10		30	9999	125	125	4
373702	6		2600		0			成品家具			77215028			7011		0		10		30	9999	125	125	4
373703	6		2600		0			成品家具			77215029			7011		0		10		30	9999	125	125	4
373801	6		2801		0			成品家具			77306001			14002		0		11		0	20	0	0	3
373802	6		2801		0			成品家具			77306002			14002		0		11		0	20	0	0	3
373803	6		2801		0			成品家具			77306003			14002		0		11		0	20	0	0	3
373804	6		2802		0			成品家具			77306004			14002		0		11		0	20	0	0	3
373805	6		2802		0			成品家具			77306005			14002		0		11		0	20	0	0	3
373806	6		2802		0			成品家具			77306006			14002		0		11		0	20	0	0	3
373807	6		2803		0			成品家具			77306007			14002		0		11		0	20	0	0	3
373808	6		2803		0			成品家具			77306008			14002		0		11		0	20	0	0	3
373809	6		2803		0			成品家具			77306009			14002		0		11		0	20	0	0	3
373810	6		2804		0			成品家具			77306010			14002		0		11		0	9999	0	0	3
373811	6		2804		0			成品家具			77306011			14002		0		11		0	9999	0	0	3
373812	6		2804		0			成品家具			77306012			14002		0		11		0	9999	0	0	3
373813	6		2805		0			成品家具			77306013			14002		0		11		0	9999	0	0	3
373814	6		2805		0			成品家具			77306014			14002		0		11		0	9999	0	0	3
373815	6		2805		0			成品家具			77306015			14002		0		11		0	9999	0	0	3
373816	6		2806		0			成品家具			77306016			14002		0		11		0	9999	0	0	3
373817	6		2806		0			成品家具			77306017			14002		0		11		0	9999	0	0	3
373818	6		2806		0			成品家具			77306018			14002		0		11		0	9999	0	0	3
373819	6		2807		0			成品家具			77306019			14002		0		11		0	9999	0	0	3
373820	6		2807		0			成品家具			77306020			14002		0		11		0	9999	0	0	3
373821	6		2807		0			成品家具			77306021			14002		0		11		0	9999	0	0	3
373900	6				0						70290175					0		10		0	9999	0	0	1
370601	6		1500		0			成品家具			77200050			13004		0				60	9999	50	36	3
370602	6		1500		0			成品家具			77200051			13004		0				90	9999	160	118	4
370310	6		1300		0			成品家具			77200052			6005		0				60	9999	155	117	3
371110	6		900		0			成品家具			77200053			6003		0				90	9999	95	71	4
373126	6		2200		0			成品家具			77204044			7001		0				60	9999	40	28	3
373127	6		2200		0			成品家具			77204045			7001		0				90	9999	35	24	4
373407	6		2500		0			成品家具			77208006			7008		0				60	9999	85	74	3
373408	6		2500		0			成品家具			77208007			7008		0				60	9999	115	97	3
373409	6		2500		0			成品家具			77208008			7008		0				60	9999	115	97	3
373205	6		2300		0			成品家具			77213053			7003		0				10	9999	70	70	2
374501	6		3600		0			成品家具			77216001			7012		15				60	9999	35	24	3
374502	6		3600		0			成品家具			77216002			7012		15				60	9999	35	24	3
374503	6		3600		0			成品家具			77216003			7012		15				60	9999	35	24	3
360103	6		200		0			成品家具						1001		7		1		30	9999	0	0	3
360303	6		400		0			成品家具						1003		2		1		30	9999	0	0	3
360203	6		300		0			成品家具						1002		6		1		30	9999	0	0	3
364403	6		700		0			成品家具						1006		10		1		30	9999	0	0	3
375103	6		100		0			成品家具	1200101	(test)稻妻主建筑	77200098			12001		13		6	2203	750	9999	580	580	5
364303	6		600		0			成品家具						1005		4		1		30	9999	0	0	3
371212	6		800		0			成品家具			77200109			6002		0				90	9999	160	118	4
371213	6		800		0			成品家具			77200054			6002		0				60	9999	35	24	3
371214	6		800		0			成品家具			77200055			6002		0				60	9999	65	47	3
371215	6		800		0			成品家具			77200056			6002		0				60	9999	65	47	3
370603	6		1500		0			成品家具			77200057			13004		0				90	9999	410	204	4
370604	6		1500		0			成品家具			77200058			13004		0				60	9999	610	404	3
370605	6		1500		0			成品家具			77200059			13004		0				60	9999	760	504	3
370606	6		1500		0			成品家具			77200060			13004		0				60	9999	610	354	3
370607	6		1500		0			成品家具			77200061			13004		0				60	9999	1235	716	3
370608	6		1500		0			成品家具			77200062			13004		0				60	9999	285	141	3
370609	6		1500		0			成品家具			77200063			13004		0				60	9999	95	47	3
370610	6		1500		0			成品家具			77200064			13004		0				60	9999	220	110	3
370611	6		1500		0			成品家具			77200065			13004		0				60	9999	90	44	3
370612	6		1500		0			成品家具			77200066			13004		0				60	9999	325	162	3
370613	6		1500		0			成品家具			77200067			13004		0				60	9999	95	61	3
370614	6		1500		0			成品家具			77200068			13004		0				60	9999	145	71	3
370615	6		1500		0			成品家具			77200069			13004		0				90	9999	230	114	4
370616	6		1500		0			成品家具			77200070			13004		0				90	9999	405	201	4
370617	6		1500		0			成品家具			77200071			13004		0				90	9999	220	165	4
370505	6		1400		0			成品家具			77200072			6006		0				60	9999	145	108	3
370507	6		1400		0			成品家具			77200074			6006		0				30	9999	35	24	2
371216	6		800		0			成品家具			77200075			6002		0				30	9999	55	39	2
371217	6		800		0			成品家具			77200076			6002		0				30	9999	35	24	2
370618	6		1500		0			成品家具			77200077			13004		0				60	9999	120	89	3
370619	6		1500		0			成品家具			77200078			13004		0				90	9999	255	126	4
370620	6		1500		0			成品家具			77200079			13004		0				60	9999	110	54	3
370621	6		1500		0			成品家具			77200080			6002		0				60	9999	105	78	3
371218	6		800		0			成品家具			77200081			6002		0				60	9999	35	24	3
371219	6		800		0			成品家具			77200082			6002		0				60	9999	35	24	3
371220	6		800		0			成品家具			77200083			6002		0				60	9999	35	24	3
371112	6		900		0			成品家具			77200085			6003		0				60	9999	35	24	3
370623	6		1500		0			成品家具			77200087			13004		0				90	9999	410	343	4
373315	6		2400		0			成品家具			77200088			7005		0				60	9999	125	94	3
373128	6		2200		0			成品家具			77200089			7001		0				30	9999	40	29	2
370508	6		1400		0			成品家具			77200090			6006		0				60	9999	85	62	3
370509	6		1400		0			成品家具			77200091			6006		0				60	9999	95	72	3
370624	6		1500		0			成品家具			77200092			13004		0				90	9999	510	304	4
370625	6		1500		0			成品家具			77200093			13004		0				90	9999	250	125	4
371221	6		800		0			成品家具			77200094			6002		0				90	9999	160	118	4
371222	6		800		0			成品家具			77200095			6002		0				90	9999	160	118	4
370510	6		1400		0			成品家具			77200096			6006		0				90	9999	195	171	4
370511	6		1400		0			成品家具			77200097			6006		0				90	9999	260	218	4
370626	6		1500		0			成品家具			77200099			13004		0				90	9999	235	166	4
371113	6		900		0			成品家具			77200100			6002		0				90	9999	130	97	4
371114	6		900		0			成品家具			77200101			6002		0				90	9999	125	94	4
371115	6		900		0			成品家具			77200102			6002		0				90	9999	125	94	4
370627	6		1500		0			成品家具			77200103			13004		0				90	9999	125	92	4
371223	6		800		0			成品家具			77200104			6002		0				90	9999	125	94	4
371224	6		800		0			成品家具			77200105			6002		0				90	9999	95	61	4
371225	6		800		0			成品家具			77200106			6002		0				90	9999	95	47	4
371226	6		800		0			成品家具			77200107			6002		0				90	9999	95	71	4
374313	6		3200		0			成品家具			77203010			7002		0				30	9999	35	24	2
374314	6		3200		0			成品家具			77203011			7002		0				30	9999	35	24	4
374205	6		3100		0			成品家具			77205005			7007		0				30	9999	35	24	2
374206	6		3100		0			成品家具			77205006			7007		0				30	9999	35	24	4
373410	6		2500		0			成品家具			77208009			7008		0				30	9999	165	147	2
373411	6		2500		0			成品家具			77208010			7008		0				60	9999	145	121	3
373412	6		2500		0			成品家具			77208011			7008		0				60	9999	115	97	3
373413	6		2500		0			成品家具			77208012			7008		0				30	9999	65	47	2
373414	6		2500		0			成品家具			77208013			7008		0				30	9999	115	97	2
373415	6		2500		0			成品家具			77208014			7008		0				30	9999	115	97	2
373416	6		2500		0			成品家具			77208015			7008		0				60	9999	115	97	3
373316	6		2400		0			成品家具			77204047			7005		0				60	9999	65	47	3
373317	6		2400		0			成品家具			77204048			7005		0				60	9999	35	24	3
373318	6		2400		0			成品家具			77204049			7005		0				60	9999	35	24	3
373319	6		2400		0			成品家具			77204050			7005		0				30	9999	35	24	2
373320	6		2400		0			成品家具			77204051			7005		0				30	9999	35	24	2
373321	6		2400		0			成品家具			77204052			7005		0				60	9999	35	24	3
373322	6		2400		0			成品家具			77204053			7005		0				60	9999	65	47	3
373323	6		2400		0			成品家具			77204054			11002		3				60	9999	35	24	3
373324	6		2400		0			成品家具			77204055			11002		3				60	9999	35	24	3
373325	6		2400		0			成品家具			77204056			11002		3				60	9999	65	47	3
373326	6		2400		0			成品家具			77204057			11002		3				60	9999	65	47	3
373129	6		2200		0			成品家具			77204058			7001		0				30	9999	35	24	2
373130	6		2200		0			成品家具			77204059			7001		0				30	9999	65	47	2
373131	6		2200		0			成品家具			77204060			7001		0				30	9999	65	47	2
373327	6		2400		0			成品家具			77204061			7005		0				60	9999	160	117	3
373328	6		2400		0			成品家具			77204062			7005		0				60	9999	95	71	3
373329	6		2400		0			成品家具			77204063			7005		0				60	9999	35	24	3
372224	6		1700		0			成品家具			77204064			10002		0				20	9999	35	24	3
373330	6		2400		0			成品家具			77204065			4002		0				90	9999	35	24	4
373331	6		2400		0			成品家具			77204066			7005		0				60	9999	160	118	3
374109	6		3000		0			成品家具			77207003			7006		0				60	9999	95	95	3
374110	6		3000		0			成品家具			77207004			7006		0				60	9999	65	65	3
374111	6		3000		0			成品家具			77207005			7006		0				60	9999	65	65	3
373332	6		2400		0			成品家具			77215030			7005		0				30	9999	35	24	2
373132	6		2200		0			成品家具			77215031			7001		0				30	9999	35	24	2
373133	6		2200		0			成品家具			77215032			7001		0				30	9999	35	24	2
372321	6		1800		0			成品家具			77213054			10003		0				20	9999	50	50	3
372322	6		1800		0			成品家具			77213055			10003		0				20	9999	100	100	3
372323	6		1800		0			成品家具			77213056			10003		0				20	9999	100	100	3
372324	6		1800		0			成品家具			77213057			10003		0				20	9999	300	300	3
372325	6		1800		0			成品家具			77213058			10003		0				20	9999	50	50	3
372326	6		1800		0			成品家具			77213059			10003		0				20	9999	100	100	3
372327	6		1800		0			成品家具			77213060			10003		0				20	9999	150	150	3
372328	6		1800		0			成品家具			77213061			10003		0				20	9999	50	50	3
372329	6		1800		0			成品家具			77213062			10003		0				20	9999	50	50	3
372330	6		1800		0			成品家具			77213063			10003		0				20	9999	200	200	3
372331	6		1800		0			成品家具			77213064			10003		0				20	9999	50	50	3
372332	6		1800		0			成品家具			77213065			10003		0				20	9999	100	100	3
372433	6		1900		0			成品家具			77213066			10004		0				20	9999	50	50	3
372434	6		1900		0			成品家具			77213067			10004		0				20	9999	50	50	3
372435	6		1900		0			成品家具			77213068			10004		0				20	9999	50	50	3
372436	6		1900		0			成品家具			77213069			10004		0				20	9999	50	50	3
372437	6		1900		0			成品家具			77213070			10004		0				20	9999	50	50	3
372438	6		1900		0			成品家具			77213071			10004		0				20	9999	50	50	3
372439	6		1900		0			成品家具			77213072			10004		0				20	9999	50	50	3
372225	6		1700		0			成品家具			77215033			10002		0				10	9999	35	24	2
372226	6		1700		0			成品家具			77215034			10002		0				10	9999	65	47	2
363313	6		4800		0			成品家具			77115015			11002		3				60	9999	85	64	3
362210	6		2400		0			成品家具			77115016			4002		0				30	9999	85	64	2
363206	6		4700		0			成品家具			77115017			11001		3				60	9999	169	127	3
363207	6		4700		0			成品家具			77115018			11001		3				60	9999	169	127	3
363208	6		4700		0			成品家具			77115019			11001		3				60	9999	169	127	3
363314	6		4800		0			成品家具			77115020			11002		3				60	9999	169	127	3
361313	6		3200		0			成品家具			77115021			3003		0				60	9999	105	79	3
370111	6		3300		0			成品家具			77115022			11002		3				60	9999	85	64	3
360407	6		2500		0			成品家具			77108012			11002		3				60	9999	85	64	3
360408	6		2500		0			成品家具			77108013			11003		3				60	9999	85	64	3
360409	6		2500		0			成品家具			77108014			11003		3				60	9999	85	64	3
360410	6		2500		0			成品家具			77108015			11003		3				60	9999	220	199	3
360411	6		2500		0			成品家具			77108016			7008		0				60	9999	115	97	3
360412	6		2500		0			成品家具			77108017			7008		0				90	9999	115	97	4
360413	6		2500		0			成品家具			77108018			7008		0				60	9999	115	97	3
360414	6		500		0			成品家具			77108019			1004		5		1		60	9999	305	305	3
361502	6		4100		0			成品家具			77103013			3005		0				60	9999	85	64	3
362108	6		3100		0			成品家具			77105007			4001		0				30	9999	85	64	2
364107	6		4900		0			成品家具			77112016			5003		1				90	9999	85	64	4
364108	6		4900		0			成品家具			77112017			5003		1				90	9999	85	64	4
364109	6		4900		0			成品家具			77112018			5003		1				90	9999	85	64	4
364110	6		4900		0			成品家具			77112019			5003		1				90	9999	85	64	4
361209	6		3900		0			成品家具			77110017			3002		0				90	9999	169	127	4
361210	6		3900		0			成品家具			77110018			3002		0				90	9999	172	129	4
370112	6		3300		0			成品家具			77110019			3001		0				60	9999	254	191	3
370113	6		3300		0			成品家具			77110020			3001		0				60	9999	169	127	3
370114	6		3300		0			成品家具			77110021			3001		0				60	9999	85	64	3
362211	6		2400		0			成品家具			77104010			4002		0				60	9999	109	82	3
362212	6		2400		0			成品家具			77104011			4002		0				60	9999	85	64	3
362213	6		2400		0			成品家具			77104012			4002		0				90	9999	85	64	4
370115	6		3300		0			成品家具			77104013			4002		0				60	9999	85	64	3
362214	6		2400		0			成品家具			77104014			4002		0				90	9999	85	64	4
362215	6		2400		0			成品家具			77104015			4002		0				90	9999	185	139	4
362216	6		2400		0			成品家具			77104016			4002		0				90	9999	355	334	4
361314	6		3200		0			成品家具			77104017			3003		0				90	9999	101	76	4
363315	6		4800		0			成品家具			77104018			11002		3				60	9999	95	72	3
363316	6		4800		0			成品家具			77104019			11002		3				60	9999	85	64	3
363317	6		4800		0			成品家具			77104020			11002		3				60	9999	85	64	3
363318	6		4800		0			成品家具			77104021			11002		3				60	9999	85	64	3
361403	6		4200		0			成品家具			77109003			3006		0				60	9999	137	103	3
370512	6		1400		0			成品家具			77200108			6006		0				60	9999	60	45	3
371116	6		900		0			成品家具			77215038			6003		0				60	9999	735	735	3
371227	6		800		0			成品家具			77215039			6002		0				60	9999	35	24	3
371228	6		800		0			成品家具			77215040			6002		0				60	9999	35	24	3
372227	6		1700		0			成品家具			77215041			10002		0				20	9999	35	24	3
371229	6		800		0			成品家具			77215042			6002		0				60	9999	35	24	3
361315	6		3200		0			成品家具			77103014			3003		0				60	9999	169	127	3
361316	6		3200		0			成品家具			77103015			3003		0				60	9999	85	64	3
371230	6		800		0			成品家具			77215043			6002		0				60	9999	195	171	3
373333	6		800		0			成品家具			77204067			7005		0				60	9999	95	71	3
