台词ID	下一句台词ID	显示类型	[对话角色]类型	[对话角色]ID	情绪模组ID
1900102101	1900102102		1	501	10601
1900102102	1900102103	1	2		0
1900102103	1900102104		1	501	10100
1900102104	1900102105	1	2		0
1900102105	1900102106		1	501	10100
1900102106	1900102107		1	501	10601
1900102107	1900102108		1	501	10100
1900102108	1900102109		1	501	0
1900102109	1900102110		1	501	0
1900102110	1900102111		1	501	10701
1900102111	1900102112		1	501	10100
1900102112	1900102113	1	2		0
1900102113	0		1	501	10801
1900102191	0		2		0
1900102192	0		2		0
1900102201	1900102202		1	501	10801
1900102202	0		1	501	10100
1900102301	0		1	501	0
1900100101	1900100102		1	1005	0
1900100102	0		1	1005	0
1900100301	1900100302		1	1005	0
1900100302	0		1	1005	0
1900103101	1900103102		1	501	10100
1900103102	1900103103		1	501	0
1900103103	1900103104	1	2		0
1900103104	1900103105		1	501	10801
1900103105	1900103106		1	501	10100
1900103106	1900103107		1	501	10801
1900103107	1900103108		1	501	0
1900103108	1900103109		1	501	10100
1900103109	1900103110		1	501	0
1900103110	1900103111		1	501	10301
1900103111	1900103112		1	501	10100
1900103112	1900103113		1	501	0
1900103113	1900103114		1	501	10301
1900103114	1900103115		1	501	10100
1900103115	1900103116	1	2		0
1900103116	1900103117		1	501	10601
1900103117	1900103118	1	2		0
1900103118	0		1	501	10100
1900103191	0		2		0
1900103192	0		2		0
1900103193	0		2		0
1900103201	1900103202		1	501	10701
1900103202	0		1	501	0
1900103301	1900103302		1	501	10601
1900103302	1900103303		1	501	0
1900103303	1900103304		1	501	10100
1900103304	1900103305		1	501	0
1900103305	1900103306		1	501	10301
1900103306	1900103307		1	501	0
1900103307	1900103308		1	501	10100
1900103308	1900103309		1	501	0
1900103309	1900103310	1	2		0
1900103310	1900103311		1	501	10201
1900103311	1900103312		1	501	10100
1900103312	1900103213,1900103214		1	501	0
1900103213	1900103215	1	2		0
1900103214	1900103215	1	2		0
1900103215	1900103216		1	501	10201
1900103216	0		1	501	10100
1900103401	1900103402		1	501	10601
1900103402	1900103403		1	501	0
1900103403	1900103404		1	501	10100
1900103404	1900103405	1	2		0
1900103405	1900103406		1	501	10101
1900103406	1900103407		1	501	0
1900103407	1900103408		1	501	10100
1900103408	1900103409		1	501	10601
1900103409	1900103410	1	2		0
1900103410	1900103411		1	501	10100
1900103411	1900103412		1	501	10101
1900103412	1900103413	1	2		0
1900103413	1900103414		1	501	10100
1900103414	1900103415		1	501	0
1900103415	1900103416		1	501	10601
1900103416	1900103417		1	501	10100
1900103417	1900103418		1	501	0
1900103418	1900103419		1	501	10701
1900103419	0		1	501	10100
1900103491	0		2		0
1900103492	0		2		0
1900103501	1900103502		1	501	10100
1900103502	1900103503		1	501	0
1900103503	1900103504,1900103505		1	501	10601
1900103504	1900103506	1	2		0
1900103505	1900103506	1	2		0
1900103506	1900103507		1	501	10201
1900103507	0		1	501	10601
1900103601	1900103602		1	501	10601
1900103602	1900103603		1	501	10100
1900103603	1900103604		1	501	0
1900103604	1900103605,1900103606		1	501	10701
1900103605	1900103607	1	2		0
1900103606	1900103607	1	2		0
1900103607	1900103608		1	501	10100
1900103608	1900103609,1900103610		1	501	10101
1900103609	1900103611	1	2		0
1900103610	1900103611	1	2		0
1900103611	1900103612		1	501	10100
1900103612	1900103613		1	501	10101
1900103613	0		1	501	10601
1900100201	1900100202		1	1005	0
1900100202	0		1	1005	0
1900104101	1900104102		1	501	10100
1900104102	1900104103	1	2		0
1900104103	1900104104		1	501	10100
1900104104	1900104105		1	501	10601
1900104105	1900104106		1	501	0
1900104106	0		1	501	10100
1900201101	1900201102		1	160201	0
1900201102	1900201103	1	2		0
1900201103	1900201104		1	160201	0
1900201104	1900201105		1	160201	0
1900201105	1900201106		1	160201	0
1900201106	1900201107		1	160201	0
1900201107	1900201108		1	160201	0
1900201108	1900201109		1	160201	0
1900201109	0		1	160201	0
1900201191	0		2		0
1900201192	0		2		0
1900201201	1900201202		1	160201	0
1900201202	0		1	160201	0
1900201301	1900201302		1	160201	0
1900201302	1900201303		1	160201	0
1900201303	1900201304	1	2		0
1900201304	0		1	160201	0
1900201401	1900201402		1	160201	0
1900201402	0		1	160201	0
1900201491	0		2		0
1900201492	0		2		0
1900201493	0		2		0
1900201501	0		1	160201	0
1900201511	1900201512		1	160201	0
1900201512	0		1	160201	0
1900201521	0		1	160201	0
1900201531	0		1	160201	0
1900201591	0		2		0
1900201592	0		2		0
1900201593	0		2		0
1900201601	1900201602		1	160201	0
1900201602	0		1	160201	0
1900201611	0		1	160201	0
1900201621	1900201622		1	160201	0
1900201622	0		1	160201	0
1900201631	0		1	160201	0
1900201691	0		2		0
1900201692	0		2		0
1900201693	0		2		0
1900201701	0		1	160201	0
1900201711	0		1	160201	0
1900201721	1900201722		1	160201	0
1900201722	1900201723		1	160201	0
1900201723	1900201724	1	2		0
1900201724	0		1	160201	0
1900201801	1900201802		1	160201	0
1900201802	0		1	160201	0
1900201901	1900201902		1	160201	0
1900201902	1900201903		1	160201	0
1900201903	1900201904		1	160201	0
1900201904	0		1	160201	0
1900200101	1900200102		1	160201	0
1900200102	1900200103		1	1005	0
1900200103	1900200104		1	1005	0
1900200104	1900200105		1	1005	0
1900200105	1900200106		1	1005	0
1900200106	1900200107		1	1005	0
1900200107	1900200108		1	160201	0
1900200108	1900200109		1	1005	0
1900200109	1900200110		1	160201	0
1900200110	1900200111		1	1005	0
1900200111	0		1	160201	0
1900202101	1900202102		1	1005	0
1900202102	1900202103		1	160201	0
1900202103	1900202104		1	160201	0
1900202104	1900202105	1	2		0
1900202105	1900202106		1	160201	0
1900202106	1900202107	1	2		0
1900202107	1900202108,1900202109		1	160201	0
1900202108	1900202110	1	2		0
1900202109	1900202110	1	2		0
1900202110	1900202111		1	160201	0
1900202111	1900202112	1	2		0
1900202112	1900202113		1	160201	0
1900202113	0		1	160201	0
1900203101	1900203102		1	501	10100
1900203102	1900203103	1	2		0
1900203103	1900203104		1	501	0
1900203104	1900203105	1	2		0
1900203105	1900203106		1	501	10801
1900203106	1900203107		1	501	10100
1900203107	1900203108		1	501	10801
1900203108	1900203109		1	501	0
1900203109	1900203110		1	501	10100
1900203110	1900203111		1	501	0
1900203111	1900203112		1	501	10301
1900203112	1900203113		1	501	10100
1900203113	1900203114		1	501	0
1900203114	1900203115		1	501	10101
1900203115	1900203116		1	501	10100
1900203116	1900203117	1	2		0
1900203117	1900203118		1	501	10601
1900203118	1900203119		1	501	10100
1900203119	1900203120	1	2		0
1900203120	1900203121		1	501	10701
1900203121	1900203122		1	501	0
1900203122	1900203123		1	501	10100
1900203123	1900203124		1	501	10301
1900203124	1900203125		1	501	10100
1900203125	1900203126		1	501	10301
1900203126	1900203127		1	501	10100
1900203127	1900203128	1	2		0
1900203128	1900203129		1	501	10501
1900203129	1900203130		1	501	0
1900203130	0		1	501	10100
1900301101	1900301102		1	501	10100
1900301102	1900301103		1	501	10101
1900301103	1900301104		1	501	0
1900301104	1900301105		1	501	10100
1900301105	1900301106		1	501	0
1900301106	1900301107		1	501	0
1900301107	1900301108		1	501	10801
1900301108	1900301109		1	501	10100
1900301109	0		1	501	0
1900301191	0		2		0
1900301192	0		2		0
1900301201	0		1	501	10701
1900301301	0		1	501	10201
1900300101	1900300102		1	1005	0
1900300102	1900300103		1	1005	0
1900300103	0		1	1005	0
1900303101	1900303102		1	501	10100
1900303102	1900303103	1	2		0
1900303103	1900303104		1	501	10101
1900303104	1900303105		1	501	10100
1900303105	1900303106		1	501	10601
1900303106	1900303107		1	501	10100
1900303107	1900303108		1	501	10101
1900303108	1900303109		1	501	10100
1900303109	1900303110		1	501	10101
1900303110	0		1	501	10100
1900303191	0		2		0
1900303192	0		2		0
1900303201	1900303202		1	501	10100
1900303202	1900303203	1	2		0
1900303203	1900303204		1	501	10601
1900303204	1900303205		1	501	0
1900303205	1900303206		1	501	10100
1900303206	0		1	501	10101
1900303291	0		2		0
1900303292	0		2		0
1900303401	1900303402		1	501	10100
1900303402	1900303403		1	501	10601
1900303403	0		1	501	10100
1900303501	1900303502		1	501	10100
1900303502	1900303503		1	501	10101
1900303503	1900303504		1	501	10601
1900303504	0		1	501	10601
1900303301	1900303302		1	501	10601
1900303302	1900303303		1	501	10100
1900303303	1900303304		1	501	0
1900303304	1900303305		1	501	10601
1900303305	1900303306		1	501	0
1900303306	1900303307		1	501	10100
1900303307	1900303308		1	501	10101
1900303308	1900303309	1	2		0
1900303309	1900303310		1	501	10100
1900303310	1900303311	1	2		0
1900303311	1900303312		1	501	10701
1900303312	0		1	501	10100
1900306101	1900306102		1	147101	0
1900306102	1900306103		1	501	10100
1900306103	1900306104		1	147101	0
1900306104	1900306105		1	147101	0
1900306105	1900306106		1	147101	0
1900306106	1900306107		1	147101	0
1900306107	1900306108	1	2		0
1900306108	1900306109		1	501	0
1900306109	1900306110		1	147101	0
1900306110	1900306111		1	501	10100
1900306111	0		1	501	0
1900400101	0		1	1005	0
1900400201	1900400202		1	1005	0
1900400202	0		1	1005	0
1900401101	1900401102		1	1005	0
1900401102	1900401103		1	1005	0
1900401103	1900401104		1	1005	0
1900401104	1900401105		1	1005	0
1900401105	1900401107	1	2		0
1900401106	1900401108	1	2		0
1900401107	1900401108		1	1005	0
1900401108	0		1	1005	0
1900400401	0		1	1005	0
1900400501	0		1	1005	0
1900402101	1900402102,1900402103		1	501	10701
1900402102	1900402104	1	2		0
1900402103	1900402105	1	2		0
1900402104	1900402105		1	501	10100
1900402105	1900402106		1	501	10601
1900402106	1900402107		1	501	10100
1900402107	1900402108		1	501	0
1900402108	1900402109		1	501	10601
1900402109	1900402110,1900402111		1	501	10100
1900402110	1900402112	1	2		0
1900402111	1900402114	1	2		0
1900402112	1900402113		1	501	10101
1900402113	1900402114		1	501	10100
1900402114	1900402115		1	501	10501
1900402115	1900402116		1	501	10100
1900402116	1900402117,1900402118		1	501	10101
1900402117	1900402119	1	2		0
1900402118	1900402120	1	2		0
1900402119	0		1	501	10100
1900402120	1900402123		1	501	10100
1900402121	0		1	501	10101
1900400301	1900400302		1	501	0
1900400302	1900400303		1	501	0
1900400303	1900400304		1	501	0
1900400304	1900400305		1	1005	0
1900400305	1900400306		1	501	0
1900400306	1900400307		1	501	0
1900400307	0		1	501	0
1900501101	1900501102		1	10801	0
1900501102	1900501103		1	10801	0
1900501103	1900501104		1	10801	0
1900501104	1900501105		1	10801	0
1900501105	1900501106		1	10801	0
1900501106	1900501107		1	10801	0
1900501107	1900501108		1	501	10100
1900501108	1900501109		1	501	10101
1900501109	1900501110		1	501	10100
1900501110	1900501111		1	10801	0
1900501111	1900501112		1	10801	0
1900501112	1900501113		1	501	10601
1900501113	1900501114		1	501	0
1900501114	1900501115		1	501	10100
1900501115	1900501116		1	501	10101
1900501116	0		1	10801	0
1900501191	0		2		0
1900501192	0		2		0
1900501193	0		2		0
1900501201	1900501202		1	10801	0
1900501202	1900501203		1	10801	0
1900501203	0		1	10801	0
1900501301	1900501302		1	10801	0
1900501302	1900501303		1	10801	0
1900501303	1900501304		1	501	10100
1900501304	1900501305		1	501	10301
1900501305	0		1	501	10100
1900501401	1900501402		1	10801	0
1900501402	1900501403		1	10801	0
1900501403	1900501404		1	501	10100
1900501404	1900501405		1	501	10101
1900501405	0		1	501	10100
1900502101	1900502102		1	501	10601
1900502102	1900502103		1	501	10100
1900502103	1900502104		1	501	0
1900502104	1900502105		1	501	10301
1900502105	1900502106		1	501	10100
1900502106	1900502107		1	501	10301
1900502107	1900502108,1900502109		1	501	10100
1900502108	1900502110	1	2		0
1900502109	1900502110	1	2		0
1900502110	1900502111		1	501	10101
1900502111	1900502112		1	501	10100
1900502112	1900502113		1	501	10101
1900502113	1900502114		1	501	10100
1900502114	0		1	501	10101
1900504101	1900504102		1	501	10101
1900504102	1900504103		1	501	10100
1900504103	1900504104	1	2		0
1900504104	1900504105		1	501	10401
1900504105	1900504106,1900504107		1	501	10100
1900504106	1900504109	1	2		0
1900504107	1900504108	1	2		0
1900504108	1900504109		1	501	10601
1900504109	1900504110		1	501	10100
1900504110	1900504111		1	501	10801
1900504111	1900504112		1	501	10100
1900504112	1900504113		1	501	0
1900504113	1900504114		1	501	10801
1900504114	1900504115		1	501	10100
1900504115	1900504116		1	501	0
1900504116	1900504117,1900504118		1	501	10201
1900504117	1900504119	1	2		0
1900504118	1900504119	1	2		0
1900504119	1900504120		1	501	10100
1900504120	1900504121		1	501	0
1900504121	1900504122		1	501	10801
1900504122	1900504123,1900504124		1	501	10100
1900504123	1900504125	1	2		0
1900504124	1900504125	1	2		0
1900504125	1900504126		1	501	10801
1900504126	1900504127		1	501	10100
1900504127	1900504128		1	501	0
1900504128	1900504129		1	501	10401
1900504129	1900504130		1	501	10100
1900504130	1900504131		1	501	10101
1900504131	1900504132		1	501	10100
1900504132	0		1	501	10101
1900600101	1900600102		1	501	0
1900600102	0		1	501	0
1900600103	0		1	501	0
1900601101	1900601102,1900601103		1	501	10100
1900601102	1900601104	1	2		0
1900601103	1900601105	1	2		0
1900601104	1900601106		1	501	10101
1900601105	1900601106		1	501	10100
1900601106	1900601107		1	501	10701
1900601107	1900601108	1	2		0
1900601108	1900601109		1	501	10100
1900601109	1900601110		1	501	10101
1900601110	1900601111		1	501	0
1900601111	1900601112		1	501	10100
1900601112	1900601113		1	10802	0
1900601113	1900601114		1	501	10100
1900601114	1900601115		1	10802	0
1900601115	1900601116		1	10802	0
1900601116	1900601117,1900601118,1900601119,1900601120		1	10802	0
1900601117	1900601121	1	2		0
1900601118	1900601122	1	2		0
1900601119	1900601123	1	2		0
1900601120	1900601124	1	2		0
1900601121	1900601126		1	10802	0
1900601122	1900601126		1	10802	0
1900601123	1900601126		1	10802	0
1900601124	1900601125		1	10802	0
1900601125	1900601126		1	10802	0
1900601126	1900601127		1	10802	0
1900601127	1900601128	1	2		0
1900601128	1900601129		1	10802	0
1900601129	1900601130		1	10802	0
1900601130	1900601131		1	10802	0
1900601131	1900601132		1	501	0
1900601132	1900601133		1	501	10100
1900601133	0		1	501	10101
1900601191	0		2		0
1900601192	0		2		0
1900601201	1900601202		1	501	10100
1900601202	1900601203,1900601204		1	501	10101
1900601203	1900601205	1	2		0
1900601204	1900601205	1	2		0
1900601205	1900601206		1	10802	0
1900601206	1900601207		1	10802	0
1900601207	1900601208		1	10802	0
1900601208	0		1	501	10100
1900601301	1900601302		1	501	10100
1900601302	1900601303		1	10802	0
1900601303	1900601304		1	10802	0
1900601304	1900601305	1	2		0
1900601305	1900601306		1	10802	0
1900601306	1900601307	1	2		0
1900601307	1900601308		1	10802	0
1900601308	1900601309	1	2		0
1900601309	0		1	10802	0
1900600201	0		1	10802	0
1900701101	1900701102		1	501	0
1900701102	1900701103	1	2		0
1900701103	1900701104		1	501	10100
1900701104	1900701105	1	2		0
1900701105	1900701106		1	501	10601
1900701106	1900701107		1	501	10100
1900701107	1900701108		1	501	10601
1900701108	1900701109		1	501	10100
1900701109	1900701110		1	501	10301
1900701110	0		1	501	10100
1900600301	1900600302		1	501	0
1900600302	1900600303		1	501	0
1900600303	1900600304		1	501	0
1900600304	1900600305		1	501	0
1900600305	1900600306		1	501	0
1900600306	0		1	501	0
1900801101	1900801102		1	10802	0
1900801102	1900801103,1900801104		1	501	10101
1900801103	1900801105	1	2		0
1900801104	1900801105	1	2		0
1900801105	1900801106		1	10802	0
1900801106	1900801107		1	501	0
1900801107	1900801108		1	501	10100
1900801108	1900801109		1	10802	0
1900801109	1900801110		1	10802	0
1900801110	1900801111		1	10802	0
1900801111	1900801112		1	10802	0
1900801112	1900801113		1	10802	0
1900801113	1900801114		1	10802	0
1900801114	1900801115		1	501	10601
1900801115	1900801116		1	10802	0
1900801116	1900801117		1	501	10100
1900801117	1900801118		1	501	10101
1900801118	1900801119		1	501	10100
1900801119	1900801120		1	10802	0
1900801120	1900801121		1	10802	0
1900801121	1900801122		1	10802	0
1900801122	1900801123		1	10802	0
1900801123	1900801124		1	10802	0
1900801124	1900801125		1	501	10701
1900801125	1900801126		1	10802	0
1900801126	1900801127		1	10802	0
1900801127	1900801128		1	10802	0
1900801128	1900801129		1	10802	0
1900801129	1900801130		1	10802	0
1900801130	1900801131		1	501	10100
1900801131	1900801132		1	501	10101
1900801132	0		1	501	10100
1900802101	1900802102		1	501	10100
1900802102	1900802103	1	2		0
1900802103	1900802104		1	501	10101
1900802104	1900802105		1	501	0
1900802105	1900802106,1900802107		1	501	10100
1900802106	1900802108	1	2		0
1900802107	1900802108	1	2		0
1900802108	1900802109		1	501	10601
1900802109	1900802110		1	501	0
1900802110	1900802111		1	501	10100
1900802111	1900802112		1	501	10101
1900802112	1900802113		1	501	10100
1900802113	1900802114		1	501	10101
1900802114	1900802115		1	501	10100
1900802115	0		1	501	10101
1900900101	1900900102		1	1005	0
1900900102	0		1	1005	0
1900901101	1900901102		1	501	10100
1900901102	1900901103		1	163801	0
1900901103	1900901104		1	501	10701
1900901104	1900901105		1	160401	0
1900901105	1900901106		1	160401	0
1900901106	1900901107		1	501	10100
1900901107	1900901108		1	145301	0
1900901108	1900901109		1	501	10701
1900901109	1900901110		1	501	10100
1900901110	1900901111		1	163801	0
1900901111	1900901112		1	160401	0
1900901112	1900901113		1	145301	0
1900901113	1900901114		1	501	10301
1900901114	1900901115	1	2		0
1900901115	0	1	2		0
1900902101	0		1	163801	0
1900902191	0		2		0
1900902192	0		2		0
1900902201	1900902202		1	163801	0
1900902202	1900902203		1	163801	0
1900902203	0	1	2		0
1900902301	1900902302		1	163801	0
1900902302	1900902303	1	2		0
1900902303	0		1	163801	0
1900903101	0		1	160401	0
1900903191	0		2		0
1900903192	0		2		0
1900903201	1900903202		1	160401	0
1900903202	1900903203		1	160401	0
1900903203	0	1	2		0
1900903301	1900903302		1	160401	0
1900903302	1900903303	1	2		0
1900903303	0		1	160401	0
1900904101	0		1	145301	0
1900904191	0		2		0
1900904192	0		2		0
1900904201	1900904202		1	145301	0
1900904202	1900904203		1	145301	0
1900904203	0	1	2		0
1900904301	1900904302		1	145301	0
1900904302	1900904303	1	2		0
1900904303	1900904304		1	145301	0
1900904304	1900904305		1	145301	0
1900904305	0		1	145301	0
1900905101	1900905102,1900905103		1	501	10701
1900905102	1900905104	1	2		0
1900905103	1900905105	1	2		0
1900905104	1900905106		1	501	10100
1900905105	1900905106		1	501	10101
1900905106	1900905107		1	501	10100
1900905107	1900905108		1	501	10301
1900905108	1900905109		1	501	10100
1900905109	1900905110		1	501	10201
1900905110	0		1	501	10100
1900905201	1900905202		1	501	10100
1900905202	1900905203		1	501	10100
1900905203	1900905204		1	145301	0
1900905204	1900905205		1	160401	0
1900905205	1900905206		1	163801	0
1900905206	1900905207		1	501	0
1900905207	1900905208		1	145301	0
1900905208	1900905209		1	163801	0
1900905209	1900905210		1	160401	0
1900905210	1900905211		1	501	10301
1900905211	1900905212	1	2		0
1900905212	1900905213		1	501	10100
1900905213	1900905214		1	501	0
1900905214	1900905215		1	501	10100
1900905215	1900905216	1	2		0
1900905216	1900905217		1	501	10301
1900905217	1900905218		1	501	10201
1900905218	1900905219,1900905220		1	501	10301
1900905219	1900905221	1	2		0
1900905220	1900905221	1	2		0
1900905221	1900905222		1	501	10100
1900905222	1900905223		1	501	0
1900905223	1900905224		1	501	10201
1900905224	0		1	501	10100
1900900201	1900900202		1	501	0
1900900202	1900900203		1	501	0
1900900203	1900900204		1	501	0
1900900204	1900900205		1	501	0
1900900205	1900900206		1	501	0
1900900206	1900900207		1	501	0
1900900207	1900900208		1	501	0
1900900208	1900900209		1	501	0
1900900209	1900900210		1	501	0
1900900210	1900900211		1	501	0
1900900211	0		1	501	0
1900906101	0		1	501	10100
1900906191	0		2		0
1900906192	0		2		0
1900906193	0		2		0
1900906194	0		2		0
1900906201	1900906202		1	501	10101
1900906202	1900906203		1	501	10100
1900906203	1900906204		1	501	10101
1900906204	1900906205		1	501	10100
1900906205	1900906206		1	501	10601
1900906206	1900906207		1	501	0
1900906207	1900906208		1	501	10100
1900906208	0		1	501	10301
1900906301	1900906302		1	501	10101
1900906302	1900906303		1	501	10100
1900906303	1900906304		1	501	10101
1900906304	1900906305	1	2		0
1900906305	1900906306		1	501	10100
1900906306	0		1	501	10101
1900906401	1900906402		1	501	10101
1900906402	1900906403		1	501	10100
1900906403	1900906404		1	501	10101
1900906404	1900906405		1	501	10100
1900906405	1900906406	1	2		0
1900906406	1900906407		1	501	10601
1900906407	1900906408	1	2		0
1900906408	1900906409		1	501	10100
1900906409	1900906410		1	501	10601
1900906410	1900906411		1	501	10100
1900906411	0		1	501	10101
1900906501	1900906502		1	501	10801
1900906502	1900906503		1	501	10100
1900906503	1900906504		1	501	10301
1900906504	1900906505		1	501	10100
1900906505	1900906506		1	501	10801
1900906506	1900906507		1	501	10100
1900906507	1900906508	1	2		0
1900906508	1900906509		1	501	10701
1900906509	1900906510		1	501	10100
1900906510	1900906511		1	501	0
1900906511	1900906512,1900906513		1	501	10301
1900906512	1900906514	1	2		0
1900906513	1900906514	1	2		0
1900906514	0		1	501	10100
1900906601	1900906602		1	501	10100
1900906602	1900906603		1	501	10101
1900906603	1900906604		1	501	10100
1900906604	0		1	501	10101
1902101101	1902101102		1	1023	10100
1902101102	1902101105	1	2		
1902101105	1902101106		1	1023	10100
1902101106	1902101107		1	1023	10100
1902101107	1902101108		1	1023	10100
1902101108	1902101109,1902101111,1902101115		1	1023	10100
1902101109	1902101110		2		
1902101110	1902101118		1	1023	10101
1902101111	1902101112		2		
1902101112	1902101113		1	1023	10601
1902101113	1902101114	1	2		
1902101114	1902101118		1	1023	10100
1902101115	1902101116		2		
1902101116	1902101117		1	1023	10101
1902101117	1902101118		1	1023	10101
1902101118	1902101119		1	1023	10100
1902101119	1902101120		1	1023	10100
1902101120	1902101121		1	1023	10100
1902101121	1902101122	1	2		
1902101122	1902101125		1	1023	10100
1902101125	1902101126		1	1023	10601
1902101126	1902101127	1	2		
1902101127	1902101128		1	1023	10601
1902101128	1902101129		1	1023	10100
1902101129	1902101130		1	1023	10100
1902101130	1902101131		1	1023	10100
1902101131	1902101132		1	1023	10100
1902101132	1902101133,1902101136,1902101138		1	1023	10101
1902101133	1902101134		2		
1902101134	1902101135		1	1023	10100
1902101135	1902101140		1	1023	10601
1902101136	1902101137		2		
1902101137	1902101140		1	1023	10601
1902101138	1902101139		2		
1902101139	1902101140		1	1023	10601
1902101140			1	1023	10100
1902101191			2		
1902101192			2		
1902101201	1902101202		1	1023	10701
1902101202	1902101203		1	1023	10100
1902101203	1902101205	1	2		
1902101205	1902101206		1	1023	10100
1902101206	1902101207	1	2		
1902101207	1902101208		1	1023	10801
1902101208	1902101210		1	1023	10100
1902101210	1902101211	1	2		
1902101211	1902101212		1	1023	10100
1902101212	1902101213		1	1023	10100
1902101213	1902101214		1	1023	10301
1902101214	1902101215,1902101216,1902101217		1	1023	10100
1902101215	1902101218		2		
1902101216	1902101218		2		
1902101217	1902101218		2		
1902101218	1902101235		1	1023	10101
1902101235	1902101219		1	1023	10100
1902101219	1902101220,1902101222		1	1023	10101
1902101220	1902101221		2		
1902101221	1902101224		1	1023	10100
1902101222	1902101223		2		
1902101223	1902101224		1	1023	10100
1902101224	1902101225		1	1023	10100
1902101225	1902101227		1	1023	10601
1902101227	1902101228	1	2		
1902101228	1902101229		1	1023	10100
1902101229	1902101230		1	1023	10100
1902101230	1902101231,1902101233		1	1023	10100
1902101231	1902101232		2		
1902101232			1	1023	10100
1902101233	1902101234		2		
1902101234			1	1023	10100
1902101301	1902101302		1	1023	10100
1902101302	1902101303		1	1023	10100
1902101303	1902101304,1902101306		1	1023	10100
1902101304	1902101305		2		
1902101305	1902101308		1	1023	10601
1902101306	1902101307		2		
1902101307	1902101308		1	1023	10601
1902101308	1902101309		1	1023	10100
1902101309	1902101310,1902101312		1	1023	10100
1902101310	1902101311		2		
1902101311	1902101317		1	1023	10201
1902101312	1902101313		2		
1902101313	1902101314		1	1023	10100
1902101314	1902101315		1	1023	10100
1902101315	1902101316	1	2		
1902101316	1902101317		1	1023	10201
1902101317			1	1023	10100
1902201101	1902201102		1	10901	
1902201102	1902201103		1	10901	
1902201103	1902201104		1	1023	10101
1902201104	1902201105		1	10901	
1902201105	1902201106		1	10901	
1902201106	1902201107		1	10901	
1902201107	1902201108		1	1023	10100
1902201108	1902201109		1	10901	
1902201109	1902201110		1	1023	10100
1902201110	1902201111	1	2		
1902201111	1902201112		1	1023	10100
1902201112			1	1023	10601
1902202191			2		
1902202192			2		
1902202201	1902202202		1	1023	10100
1902202202	1902202203		1	1023	10101
1902202203	1902202204		1	10901	
1902202204	1902202205		1	10901	
1902202205	1902202206		1	1023	10100
1902202206	1902202207		1	1023	10100
1902202207	1902202209		1	1023	10401
1902202209	1902202210	1	2		
1902202210	1902202211		1	1023	10100
1902202211	1902202212		1	1023	10101
1902202212	1902202213	1	2		
1902202213			1	1023	10100
1902202301	1902202302		1	1023	10100
1902202302	1902202303		1	1023	10101
1902202303	1902202304		1	10901	
1902202304	1902202305		1	10901	
1902202305	1902202306		1	10901	
1902202306	1902202307		1	1023	10100
1902202307	1902202308,1902202309		1	1023	10601
1902202308	1902202310		2		
1902202309	1902202310		2		
1902202310	1902202311		1	1023	10100
1902202311	1902202312		1	1023	10100
1902202312	1902202313	1	2		
1902202313	1902202314,1902202317,1902202319		1	1023	10100
1902202314	1902202315		2		
1902202315	1902202316		1	1023	10801
1902202316	1902202321		1	1023	10100
1902202317	1902202318		2		
1902202318	1902202321		1	1023	10101
1902202319	1902202320		2		
1902202320	1902202321		1	1023	10100
1902202321	1902202322		1	1023	10100
1902202322			1	1023	10100
1902301101	1902301102		1	1023	10100
1902301102	1902301103		1	1023	10100
1902301103	1902301104		1	1023	10101
1902301104	1902301105	1	2		
1902301105	1902301106		1	1023	10100
1902301106	1902301107		1	1023	10100
1902301107	1902301108		1	1023	10100
1902301108	1902301109		1	1023	10100
1902301109	1902301110		1	1023	10601
1902301110			1	1023	10100
1902301191			2		
1902301192			2		
1902301193			2		
1902301201	1902301501		1	1023	10601
1902301301	1902301501		1	1023	10601
1902301401	1902301501		1	1023	10601
1902301501	1902301502		1	1023	10100
1902301502	1902301503		1	1023	10100
1902301503	1902301504		1	1023	10100
1902301504			1	1023	10100
1902301591			2		
1902301592			2		
1902301593			2		
1902301601	1902301901		1	1023	10601
1902301701	1902301901		1	1023	10601
1902301801	1902301901		1	1023	10100
1902301901	1902301902		1	1023	10100
1902301902	1902301903		1	1023	10100
1902301903	1902301904		1	1023	10100
1902301904			1	1023	10100
1902301905			2		
1902301906			2		
1902301907			2		
1902301908	1902301911		1	1023	10100
1902301909	1902301911		1	1023	10801
1902301910	1902301911		1	1023	10601
1902301911	1902301912		1	1023	10100
1902301912	1902301913		1	1023	10301
1902301913	1902301914	1	2		
1902301914	1902301915		1	1023	10100
1902301915	1902301916		1	1023	10100
1902301916	1902301917		1	1023	10101
1902301917	1902301918,1902301920		1	1023	10100
1902301918	1902301919		2		
1902301919	1902301922		1	1023	10201
1902301920	1902301921		2		
1902301921	1902301922		1	1023	10701
1902301922	1902301923		1	1023	10100
1902301923	1902301924		1	1023	10100
1902301924	1902301926		1	1023	10101
1902301926	1902301927	1	2		
1902301927			1	1023	10100
1902302101	1902302102		1	1023	10100
1902302102	1902302103		1	1023	10301
1902302103	1902302105	1	2		
1902302105	1902302106		1	1023	10100
1902302106	1902302107		1	1023	10301
1902302107	1902302108	1	2		
1902302108	1902302109		1	1023	10100
1902302109	1902302110		1	1023	10100
1902302110	1902302112		1	1023	10100
1902302112	1902302113	1	2		
1902302113	1902302114		1	1023	10100
1902302114	1902302115		1	1023	10301
1902302115	1902302116,1902302117		1	1023	10301
1902302116	1902302119		2		
1902302117	1902302120		2		
1902302119	1902302118		1	1023	10100
1902302120	1902302118		1	1023	10100
1902302118			1	1023	10100
1902303101	1902303102		1	1023	10100
1902303102	1902303103		1	1023	10100
1902303103	1902303104,1902303105		1	1023	10100
1902303104	1902303106		2		
1902303105	1902303106		2		
1902303106	1902303119		1	1023	10100
1902303119	1902303107		1	1023	10100
1902303107	1902303108		1	1023	10100
1902303108	1902303109,1902303110		1	1023	10100
1902303109	1902303111		2		
1902303110	1902303111		2		
1902303111	1902303112		1	1023	10101
1902303112	1902303113		1	1023	10100
1902303113	1902303114,1902303115		1	1023	10100
1902303114	1902303116		2		
1902303115	1902303116		2		
1902303116	1902303117		1	1023	10801
1902303117	1902303118		1	1023	10100
1902303118			1	1023	10100
1902304101			1	1023	
1902304102			1	1023	
1902304103			1	1023	
1902304104			1	1023	
1902305101	1902305102		1	1023	10601
1902305102	1902305103		1	1023	10601
1902305103	1902305104	1	2		
1902305104	1902305105		1	1023	10100
1902305105	1902305106		1	1023	10100
1902305106	1902305107	1	2		
1902305107	1902305108,1902305110		1	1023	10101
1902305108	1902305109		2		
1902305109	1902305112		1	1023	10100
1902305110	1902305111		2		
1902305111	1902305112		1	1023	10100
1902305112	1902305113		1	1023	10100
1902305113	1902305114	1	2		
1902305114	1902305115		1	1023	10201
1902305115	1902305116		1	1023	10201
1902305116	1902305117,1902305119		1	1023	10100
1902305117	1902305118		2		
1902305118	1902305121		1	1023	10201
1902305119	1902305120		2		
1902305120	1902305121		1	1023	10101
1902305121	1902305122		1	1023	10101
1902305122	1902305123,1902305124		1	1023	10101
1902305123	1902305125		2		
1902305124	1902305125		2		
1902305125	1902305126		1	1023	10101
1902305126	1902305127		1	1023	10100
1902305127	1902305128	1	2		
1902305128	1902305129		1	1023	10801
1902305129			1	1023	10100
1902401101	1902401102		1	1023	10100
1902401102	1902401103		1	1023	10100
1902401103	1902401105	1	2		
1902401105	1902401106,1902401107		1	1023	10701
1902401106	1902401108		2		
1902401107	1902401108		2		
1902401108	1902401110		1	1023	10100
1902401110	1902401111	1	2		
1902401111	1902401112		1	1023	10601
1902401112	1902401113		1	1023	10601
1902401113			1	1023	10100
1902401191			2		
1902401192			2		
1902401193			2		
1902401201	1902401202		1	1023	10100
1902401202			1	1023	
1902401301	1902401302		1	1023	10100
1902401302			1	1023	10101
1902401401	1902401402		1	1023	10100
1902401402			1	1023	10100
1902401501	1902401502		1	1023	
1902401502			1	1023	
1902403101	1902403102		1	1023	10101
1902403102	1902403103		1	1023	10100
1902403103	1902403104		1	1023	10100
1902403104	1902403106		1	1023	10101
1902403106	1902403107	1	2		
1902403107	1902403108		1	1023	10201
1902403108	1902403110		1	1023	10201
1902403110	1902403111	1	2		
1902403111	1902403112		1	1023	10100
1902403112	1902403113	1	2		
1902403113	1902403114		1	1023	10100
1902403114	1902403116		1	1023	10100
1902403116	1902403117	1	2		
1902403117			1	1023	10100
1902404101	1902404102		1	1023	10101
1902404102	1902404103		1	1023	10100
1902404103	1902404104		1	1023	10100
1902404104	1902404105		1	1023	10201
1902404105	1902404106		1	1023	10100
1902404106	1902404107	1	2		
1902404107	1902404108		1	1023	10101
1902404108	1902404110		1	1023	10100
1902404110	1902404111	1	2		
1902404111	1902404112		1	1023	10201
1902404112	1902404113	1	2		10100
1902404113	1902404114		1	1023	
1902404114	1902404116		1	1023	10100
1902404116	1902404117	1	2		
1902404117			1	1023	
1902405101	1902405102		1	1023	10601
1902405102	1902405103		1	1023	10100
1902405103	1902405104		1	1023	10100
1902405104	1902405105		1	1023	10100
1902405105	1902405106		1	1023	10701
1902405106			1	1023	10701
1902501101	1902501102		1	10906	
1902501102	1902501103		1	10906	
1902501103	1902501104		1	10901	
1902501104	1902501105		1	10906	
1902501105	1902501106		1	10906	
1902501106	1902501107		1	10901	
1902501107	1902501108		1	10906	
1902501108	1902501109		1	1023	10100
1902501109	1902501110		1	10901	
1902501110	1902501111		1	10906	
1902501111	1902501112,1902501113		1	1023	10100
1902501112	1902501114		2		
1902501113	1902501114		2		
1902501114	1902501115		1	10906	
1902501115	1902501116		1	10906	
1902501116	1902501117		1	10901	
1902501117	1902501118		1	10906	
1902501118			1	10901	
1902501119	1902501120		1	10901	
1902501120	1902501121,1902501122		1	10902	
1902501121	1902501123		2		
1902501122	1902501123		2		
1902501123	1902501124,1902501125		1	10901	
1902501124	1902501126		2		
1902501125	1902501126		2		
1902501126	1902501127		1	10902	
1902501127	1902501128		1	1023	10601
1902501128	1902501129		1	10901	
1902501129	1902501130		1	10902	
1902501130	1902501131		1	10902	
1902501131	1902501132,1902501134		1	1023	10100
1902501132	1902501133		2		
1902501133	1902501136		1	10902	
1902501134	1902501135		2		
1902501135	1902501136		1	10902	
1902501136	1902501137		1	10902	
1902501137	1902501138		1	10901	
1902501138	1902501139		1	10902	
1902501139	1902501141	1	2		
1902501141	1902501142		1	1023	10801
1902501142			1	1023	10100
1902501143	1902501144,1902501145		1	1023	10100
1902501144	1902501146		2		
1902501145	1902501146		2		
1902501146	1902501147		1	1023	10801
1902501147	1902501150	1	2		
1902501150	1902501151		1	1023	10100
1902501151	1902501152		1	1023	10100
1902501152	1902501153		1	1023	10100
1902501153	1902501154		1	1023	10801
1902501154	1902501155,1902501157,1902501159		1	1023	10100
1902501155	1902501156		2		
1902501156	1902501161		1	1023	10801
1902501157	1902501158		2		
1902501158	1902501161		1	1023	10301
1902501159	1902501160		2		
1902501160	1902501161		1	1023	10201
1902501161	1902501162		1	1023	10100
1902501162			1	1023	10100
1902501163	1902501164		1	10902	
1902501164	1902501165		1	1023	10100
1902501165	1902501166		1	10902	
1902501166	1902501167		1	10902	
1902501167	1902501168,1902501170		1	1023	10701
1902501168	1902501169		2		
1902501169	1902501171		1	10902	
1902501170	1902501171		2		
1902501171	1902501172		1	10901	
1902501172	1902501173		1	10902	
1902501173	1902501174		1	1023	10100
1902501174	1902501175		1	10902	
1902501175	1902501176		1	10902	
1902501176	1902501177,1902501178,1902501179		1	1023	10801
1902501177	1902501180		2		
1902501178	1902501180		2		
1902501179	1902501180		2		
1902501180	1902501181		1	1023	10100
1902501181			1	10902	
1902503101	1902503102		1	10902	
1902503102	1902503103		1	10902	
1902503103	1902503104		1	10901	
1902503104	1902503105		1	10902	
1902503105	1902503106		1	1023	10100
1902503106	1902503107		1	10902	
1902503107	1902503108		1	1023	10100
1902503108	1902503109		1	1023	10100
1902503109	1902503110		1	10902	
1902503110	1902503111		1	1023	10801
1902503111	1902503112		1	10902	
1902503112	1902503113,1902503114,1902503115		1	1023	10801
1902503113	1902503117		2		
1902503114	1902503117		2		
1902503115	1902503116		2		
1902503116	1902503117		1	1023	10100
1902503117			1	1023	10100
1902503120	1902503121		1	10902	
1902503121			1	10901	
1902504101	1902504102,1902504104,1902504106		1	1023	10100
1902504102	1902504103		2		
1902504103	1902504108		1	1023	10201
1902504104	1902504105		2		
1902504105	1902504108		1	1023	10601
1902504106	1902504107		2		
1902504107	1902504108		1	1023	10801
1902504108	1902504109		1	1023	10100
1902504109			1	1023	10100
1902504110	1902504111		1	10901	
1902504111	1902504112		1	10902	
1902504112	1902504113		1	10901	
1902504113	1902504114		1	10902	
1902504114	1902504115		1	1023	10101
1902504115	1902504116		1	10901	
1902504116	1902504117		1	10902	
1902504117	1902504118,1902504119		1	1023	
1902504118	1902504120		2		10701
1902504119	1902504120		2		
1902504120	1902504121		1	1023	10801
1902504121	1902504122		1	10902	10100
1902504122			1	10902	
1903001101	1903001102		1	10917	
1903001102	1903001103		1	10917	
1903001103	1903001104		1	1023	10100
1903001104	1903001105		1	1023	10100
1903001105	1903001106	1	2		
1903001106	1903001107		1	10917	
1903001107	1903001108		1	1023	10801
1903001108	1903001109		1	10917	
1903001109	1903001110		1	10917	
1903001110	1903001111		1	10917	
1903001111	1903001112		1	10917	
1903001112	1903001113		1	1023	10100
1903001113	1903001114		1	10917	
1903001114	1903001115,1903001117		1	1023	10601
1903001115	1903001116		2		
1903001116	1903001119		1	1023	10601
1903001117	1903001118		2		
1903001118	1903001119		1	1023	10601
1903001119	1903001120		1	1023	10100
1903001120	1903001121	1	2		
1903001121	1903001122		1	1023	10100
1903001122	1903001123		1	1023	10801
1903001123	1903001125	1	2		
1903001125	1903001126		1	1023	10100
1903001126	1903001127		1	10917	
1903001127	1903001128		1	10917	
1903001128	1903001129		1	10917	
1903001129			1	1023	10801
1903001191			2		
1903001192			2		
1903001201	1903001202		1	10917	
1903001202			1	10917	
1903001203			1	1023	
1903001204			1	1023	
1903001210	1903001211		1	10917	
1903001211			1	10917	
1903001213			1	1023	
1903001214			1	1023	
1903002101	1903002102		1	1023	10100
1903002102	1903002103		1	1023	10601
1903002103	1903002104		1	1023	10601
1903002104	1903002105		1	1023	10100
1903002105	1903002106	1	2		
1903002106	1903002107,1903002109		1	1023	10601
1903002107	1903002108		2		
1903002108	1903002111		1	1023	10601
1903002109	1903002110		2		
1903002110	1903002111		1	1023	10601
1903002111	1903002112		1	1023	10100
1903002112	1903002113		1	1023	10100
1903002113	1903002114		1	1023	10801
1903002114	1903002116	1	2		
1903002116			1	1023	10100
1903003101	1903003102		1	10904	
1903003102	1903003103		1	10903	
1903003103	1903003104		1	10903	
1903003104	1903003105		1	10904	
1903003105	1903003106		1	1023	10100
1903003106	1903003107		1	1023	10401
1903003107	1903003108		1	10904	
1903003108	1903003109		1	10904	
1903003109	1903003110		1	10904	
1903003110	1903003111		1	1023	10100
1903003111	1903003112		1	1023	10100
1903003112	1903003113		1	10904	
1903003113	1903003114		1	1023	10701
1903003114	1903003115		1	10904	
1903003115	1903003116		1	10903	
1903003116	1903003117		1	10903	
1903003117	1903003119		1	1023	10100
1903003119	1903003120	1	2		
1903003120	1903003121		1	1023	10100
1903003121	1903003122		1	10903	
1903003122	1903003123		1	10903	
1903003123	1903003124		1	10903	
1903003124	1903003125		1	10903	
1903003125	1903003126		1	1023	10201
1903003126	1903003127		1	1023	10100
1903003127	1903003128		1	1023	10601
1903003128	1903003129	1	2		
1903003129	1903003130		1	1023	10100
1903003130	1903003131		1	1023	10100
1903003131			1	1023	10100
1903004101	1903004102		1	1023	10100
1903004102	1903004103		1	1023	10601
1903004103	1903004104		1	1023	10100
1903004104	1903004105	1	2		
1903004105	1903004106		1	1023	10100
1903004106	1903004107		1	1023	10100
1903004107			1	1023	10100
1903005101	1903005102		1	10909	
1903005102	1903005103		1	10909	
1903005103	1903005104		1	10908	
1903005104	1903005105		1	10908	
1903005105	1903005106		1	10909	
1903005106	1903005107		1	1023	10501
1903005107	1903005108		1	1023	10100
1903005108	1903005109		1	10908	
1903005109	1903005110		1	10909	
1903005110	1903005111,1903005112		1	1023	10701
1903005111	1903005113	1	2		
1903005113	1903005114		1	1023	10100
1903005114	1903005115		1	1023	10100
1903005115	1903005116		1	10908	
1903005116	1903005117		1	10909	
1903005117	1903005118		1	10909	
1903005118	1903005119		1	10908	
1903005119	1903005120		1	10908	
1903005120	1903005121,1903005122		1	10908	
1903005121	1903005123		2		
1903005122	1903005123		2		
1903005123	1903005124		1	1023	10801
1903005124	1903005125		1	10908	
1903005125	1903005126		1	10909	
1903005126	1903005127		1	10908	
1903005127	1903005128		1	10909	
1903005128	1903005129		1	1023	10801
1903005129			1	1023	10100
1903005140	1903005141		1	10908	
1903005141			1	10909	
1903101101	1903101102		1	1023	10100
1903101102	1903101104		1	1023	10100
1903101104	1903101105	1	2		
1903101105	1903101107		1	1023	10801
1903101107	1903101108	1	2		
1903101108			1	1023	10801
1903101191			2		
1903101192			2		
1903101201			1	1023	10100
1903101311			1	1023	10100
1903101312	1903101313		1	1023	
1903101313			1	1023	
1903101301	1903101303		1	1023	10100
1903101303	1903101304	1	2		
1903101304	1903101305		1	1023	10100
1903101305	1903101306		1	1023	10100
1903101306	1903101307		1	1023	10100
1903101307	1903101308		1	1023	10601
1903101308	1903101309	1	2		
1903101309	1903101310		1	1023	10100
1903101310			1	1023	10100
1903101391			2		
1903101392			2		
1903101401	1903101402		1	1023	10801
1903101402			1	1023	10100
1903101403	1903101404		1	1023	
1903101404			1	1023	
1903102101	1903102102		1	10905	
1903102102	1903102103,1903102104		1	10905	
1903102103	1903102105		2		
1903102104	1903102105		2		
1903102105	1903102106		1	10905	
1903102106	1903102107		1	10905	
1903102107	1903102108,1903102109		1	10905	
1903102108	1903102110		2		
1903102109	1903102110		2		
1903102110	1903102111,1903102114		1	10905	
1903102111	1903102112		2		
1903102112	1903102113		1	10905	
1903102113	1903102117		1	10905	
1903102114	1903102115		2		
1903102115	1903102116		1	10905	
1903102116	1903102117		1	10905	
1903102117	1903102118		1	10905	
1903102118	1903102119	1	2		
1903102119	1903102120		1	10905	
1903102120			1	10905	
1903201101	1903201102		1	1023	10100
1903201102	1903201103		1	1023	10100
1903201103	1903201105	1	2		
1903201105	1903201106		1	1023	10100
1903201106	1903201107		1	1023	10100
1903201107	1903201108		1	1023	10101
1903201108	1903201110		1	1023	10101
1903201110	1903201111	1	2		
1903201111			1	1023	10100
1903201112	1903201113		1	1023	
1903201113			1	1023	
1903201201	1903201202		1	10918	
1903201202	1903201203		1	10918	
1903201203	1903201204	1	2		
1903201204	1903201205		1	10918	
1903201205	1903201206		1	10918	
1903201206	1903201207,1903201208		1	10918	
1903201207	1903201209		2		
1903201208	1903201209		2		
1903201209	1903201210		1	10918	
1903201210	1903201211		1	10918	
1903201211	1903201212		1	10918	
1903201212	1903201213,1903201214		1	10918	
1903201213	1903201215		2		
1903201214	1903201215		2		
1903201215			1	10918	
190311001	190311002		1	1023	10100
190311002	190311003	1	2		
190311003	190311004		1	1023	10701
190311004	190311005,190311006,190311007		1	1023	10100
190311005	190311008		2		
190311006	190311008		2		
190311007	190311008		2		
190311008	190311009		1	1023	10301
190311009	190311010		1	1023	10100
190311010	190311011		1	1023	10100
190311011	190311012,190311013		1	1023	10801
190311012	190311014	1	2		
190311014	190311015		1	1023	10100
190311015			1	1023	10100
1903206101	1903206102		1	1023	
1903206102			1	1023	
1903202101	1903202102		1	1023	10100
1903202102	1903202103	1	2		
1903202103	1903202104		1	1023	10701
1903202104	1903202105,1903202106,1903202107		1	1023	10100
1903202105	1903202108		2		
1903202106	1903202108		2		
1903202107	1903202108		2		
1903202108	1903202109		1	1023	10301
1903202109			1	1023	10100
1903202191			2		
1903202192			2		
1903202201	1903202202		1	1023	10100
1903202202	1903202203		1	1023	10100
1903202203	1903202206	1	2		
1903202206	1903202207		1	1023	10101
1903202207	1903202208		1	1023	10100
1903202208	1903202209		1	1023	10100
1903202209	1903202210,1903202212		1	1023	10101
1903202210	1903202211		2		
1903202211	1903202214		1	1023	10100
1903202212	1903202213		2		
1903202213	1903202214		1	1023	10100
1903202214			1	1023	10100
1903202301	1903202302,1903202303		1	1023	10100
1903202302	1903202304		2		
1903202303	1903202304		2		
1903202304	1903202305		1	1023	10201
1903202305	1903202306		1	1023	10100
1903202306			1	1023	10100
1903202401	1903202402		1	1023	10101
1903202402	1903202403		1	1023	10201
1903202403	1903202404		1	1023	10100
1903202404	1903202405	1	2		
1903202405	1903202406		1	1023	10701
1903202406	1903202407,1903202408,1903202409		1	1023	10100
1903202407	1903202410		2		
1903202408	1903202410		2		
1903202409	1903202410		1	1023	
1903202410	1903202411		1	1023	10301
1903202411			1	1023	10100
1903203101	1903203102		1	10907	
1903203102	1903203103,1903203104		1	10907	
1903203103	1903203105		2		
1903203104	1903203105		2		
1903203105	1903203106		1	10907	
1903203106	1903203107,1903203108		1	10907	
1903203107	1903203109		2		
1903203108	1903203109		2		
1903203109	1903203110		1	10907	
1903203110	1903203111,1903203112		1	10907	
1903203111	1903203113		2		
1903203112	1903203113		2		
1903203113	1903203114		1	10907	
1903203114	1903203115		1	10907	
1903203115	1903203116,1903203118		1	10907	
1903203116	1903203117		2		
1903203117	1903203120		1	10907	
1903203118	1903203119		2		
1903203119	1903203120		1	10907	
1903203120	1903203121		1	10907	
1903203121	1903203122	1	2		
1903203122	1903203123		1	10907	
1903203123	1903203124		1	10907	
1903203124			1	10907	
1903204101	1903204102		1	10918	
1903204102	1903204103		1	10905	
1903204103	1903204104		1	1023	10100
1903204104	1903204105		1	1023	10100
1903204105	1903204106		1	1023	10501
1903204106	1903204107		1	10918	
1903204107	1903204108		1	10918	
1903204108	1903204109		1	1023	10100
1903204109	1903204111		1	1023	10100
1903204111	1903204112	1	2		
1903204112	1903204113		1	10917	
1903204113	1903204114		1	10917	
1903204114	1903204115		1	10917	
1903204115	1903204116		1	10918	
1903204116	1903204117		1	10905	
1903204117	1903204118		1	10918	
1903204118	1903204120		1	10918	
1903204120	1903204121		1	1023	10100
1903204121	1903204122		1	1023	10100
1903204122	1903204123	1	2		
1903204123	1903204124,1903204125		1	1023	10601
1903204124	1903204126		2		
1903204125	1903204126		2		
1903204126	1903204127		1	1023	10601
1903204127	1903204128		1	1023	10100
1903204128	1903204129,1903204130		1	1023	10100
1903204129	1903204148		2		
1903204130	1903204149		2		
1903204148	1903204131		1	1023	10101
1903204149	1903204131		1	1023	10801
1903204131	1903204132		1	1023	10100
1903204132	1903204133	1	2		
1903204133	1903204135		1	1023	10100
1903204135	1903204136	1	2		
1903204136	1903204137		1	1023	10100
1903204137	1903204138,1903204139		1	1023	10100
1903204138	1903204140		2		
1903204139	1903204140		2		
1903204140	1903204141		1	1023	10701
1903204141	1903204142,1903204143		1	1023	10701
1903204142	1903204144		2		
1903204143	1903204144		2		
1903204144	1903204145,1903204146		1	1023	10100
1903204145	1903204147		2		
1903204146	1903204147		2		
1903204147			1	1023	10100
1904101101	1904101102		1	1024	10100
1904101102	1904101103		1	1024	10100
1904101103	1904101104,1904101106		1	1024	10100
1904101104	1904101105		2		
1904101105	1904101107		1	1024	10100
1904101106	1904101107		2		
1904101107	1904101108		1	1024	10801
1904101108	1904101109,1904101111		1	1024	
1904101109	1904101111		2		
1904101110	1904101111		2		
1904101111	1904101112		1	1024	10100
1904101112	1904101113		1	1024	10401
1904101113	1904101114	1	2		
1904101114	1904101115		1	1024	
1904101115	1904101116,1904101118		1	1024	
1904101116	1904101118		2		
1904101117	1904101118		2		
1904101118	1904101119		1	1024	10100
1904101119	1904101120		1	1024	10100
1904101120	1904101121		1	1024	10301
1904101121	1904101122		1	1024	10100
1904101122	1904101123,1904101124		1	1024	10100
1904101123	1904101125		2		
1904101124	1904101125		2		
1904101125	1904101126		1	1024	10801
1904101126	1904101127		1	1024	
1904101127			1	1024	10100
1904101191			2		
1904101192			2		
1904101201	1904101202		1	1024	10701
1904101202	1904101203		1	1024	10100
1904101203	1904101204		1	1024	10601
1904101204	1904101205		1	1024	
1904101205	1904101206		1	1024	10100
1904101206	1904101207	1	2		
1904101207	1904101208		1	1024	10401
1904101208	1904101209		1	1024	10100
1904101209	1904101210,1904101212,1904101215		1	1024	10100
1904101210	1904101211		2		
1904101211	1904101217		1	1024	10101
1904101212	1904101213		2		
1904101213	1904101214		1	1024	10801
1904101214	1904101217		1	1024	
1904101215	1904101216		2		
1904101216	1904101217		1	1024	10701
1904101217			1	1024	10100
1904101291			2		
1904101292			2		
1904101301	1904101302		1	1024	10401
1904101302	1904101303		1	1024	
1904101303	1904101304,1904101306		1	1024	10100
1904101304	1904101305		2		
1904101305	1904101308		1	1024	10201
1904101306	1904101307		2		
1904101307	1904101308		1	1024	10801
1904101308	1904101309		1	1024	10100
1904101309	1904101310		1	1024	10100
1904101310	1904101311		1	1024	10100
1904101311	1904101312		1	1024	10801
1904101312	1904101313		1	1024	
1904101313	1904101314,1904101316		1	1024	10100
1904101314	1904101315		2		
1904101315	1904101318		1	1024	10401
1904101316	1904101317		2		
1904101317	1904101318		1	1024	10701
1904101318	1904101319		1	1024	10100
1904101319			1	1024	10100
1904101391			2		
1904101392			2		
1904101401	1904101402		1	1024	10100
1904101402	1904101403,1904101405		1	1024	10100
1904101403	1904101404		2		
1904101404	1904101407		1	1024	10201
1904101405	1904101406		2		
1904101406	1904101407		1	1024	10801
1904101407	1904101408		1	1024	10100
1904101408	1904101409		1	1024	10100
1904101409			1	1024	10100
1904101501	1904101502		1	1024	10401
1904101502	1904101503		1	1024	
1904101503	1904101504		1	1024	10100
1904101504	1904101505		1	1024	10100
1904101505	1904101506,1904101508		1	1024	10100
1904101506	1904101507		2		
1904101507	1904101510		1	1024	10201
1904101508	1904101509		2		
1904101509	1904101510		1	1024	10801
1904101510			1	1024	10100
1904101601	1904101602		1	1024	10601
1904101602	1904101603		1	1024	10100
1904101603	1904101604		1	1024	10201
1904101604	1904101605		1	1024	10201
1904101605	1904101606,1904101608		1	1024	10100
1904101606	1904101607		2		
1904101607	1904101611		1	1024	10401
1904101608	1904101609		2		
1904101609	1904101610		1	1024	10100
1904101610	1904101611		1	1024	10801
1904101611	1904101612		1	1024	10100
1904101612			1	1024	10100
1904101701	1904101702		1	1024	10401
1904101702			1	1024	10100
1904201101	1904201102		1	1024	10100
1904201102	1904201103		1	1435	
1904201103	1904201104		1	1024	10101
1904201104	1904201105		1	1435	
1904201105	1904201106		1	1024	10100
1904201106	1904201107		1	1435	
1904201107	1904201108		1	1024	10100
1904201108	1904201109		1	1435	
1904201109	1904201110		1	1435	
1904201110	1904201111,1904201113		1	1024	10701
1904201111	1904201112		2		
1904201112	1904201116		1	1024	10701
1904201113	1904201114		2		
1904201114	1904201115		1	1435	
1904201115	1904201116		1	1435	
1904201116	1904201117		1	1024	10100
1904201117	1904201118		1	1024	10100
1904201118	1904201119,1904201120		1	1024	10100
1904201119	1904201121		2		
1904201120	1904201121		2		
1904201121	1904201122		1	1435	
1904201122	1904201123		1	1435	
1904201123	1904201124		1	1024	10301
1904201124	1904201125		1	1024	10100
1904201125	1904201126		1	1024	10401
1904201126	1904201127		1	1435	
1904201127	1904201128,1904201130		1	1435	
1904201128	1904201130		2		
1904201129	1904201130		2		
1904201130	1904201131		1	1024	10100
1904201131	1904201132		1	1024	10100
1904201132			1	1024	10100
1904202101	1904202102		1	1024	10100
1904202102	1904202103		1	1419	
1904202103	1904202104		1	1024	10701
1904202104	1904202105		1	1419	
1904202105	1904202106		1	1419	
1904202106	1904202107		1	1419	
1904202107	1904202108,1904202110		1	1419	
1904202108	1904202109		2		
1904202109	1904202113		1	1024	10100
1904202110	1904202111		2		
1904202111	1904202112		1	1024	10100
1904202112	1904202113		1	1024	10100
1904202113	1904202114		1	1024	10601
1904202114	1904202115		1	1024	10100
1904202115			1	1024	10100
1904203101	1904203102,1904203103		1	1024	10100
1904203102	1904203104		2		
1904203103	1904203104		2		
1904203104	1904203105		1	1024	10401
1904203105	1904203106		1	1024	
1904203106	1904203107,1904203108		1	1024	
1904203107	1904203109		2		
1904203108	1904203109		2		
1904203109	1904203110		1	1024	10100
1904203110	1904203111		1	1024	10100
1904203111	1904203112		1	1024	10100
1904203112	1904203113		1	1024	10201
1904203113	1904203114		1	1024	10201
1904203114	1904203115		1	1024	10100
1904203115	1904203116,1904203117		1	1024	10601
1904203116	1904203119		2		
1904203117	1904203118		2		
1904203118	1904203119		1	1024	10100
1904203119	1904203120		1	1024	10100
1904203120	1904203121		1	1024	10100
1904203121	1904203122,1904203123		1	1024	10301
1904203122	1904203124		2		
1904203123	1904203124		2		
1904203124	1904203125		1	1024	10100
1904203125	1904203126		1	1024	10100
1904203126	1904203127,1904203128		1	1024	10100
1904203127	1904203129		2		
1904203128	1904203129		2		
1904203129	1904203130		1	1024	10100
1904203130	1904203131		1	1024	10301
1904203131	1904203132		1	1024	10301
1904203132	1904203133,1904203135		1	1024	10100
1904203133	1904203134		2		
1904203134	1904203137		1	1024	10801
1904203135	1904203136		2		
1904203136	1904203137		1	1024	10801
1904203137	1904203138		1	1423	
1904203138	1904203139		1	1024	10100
1904203139	1904203140		1	1024	10100
1904203140	1904203141		1	1423	
1904203141	1904203142		1	1423	
1904203142	1904203143		1	1024	10701
1904203143	1904203144		1	1024	10100
1904203144	1904203145		1	1423	
1904203145	1904203146		1	1423	
1904203146	1904203147		1	1423	
1904203147	1904203148,1904203150		1	1024	10100
1904203148	1904203152		2		
1904203149	1904203150		1	1024	10301
1904203150	1904203151		2		
1904203151	1904203152		1	1024	10301
1904203152	1904203153		1	1024	
1904203153	1904203154		1	1024	
1904203154	1904203155		1	1024	10100
1904203155	1904203156		1	1024	10801
1904203156			1	1024	10100
1904301101	1904301102,1904301103		1	1024	10100
1904301102	1904301104		2		
1904301103	1904301104		2		
1904301104	1904301105		1	1024	10701
1904301105	1904301106		1	1024	10100
1904301106	1904301107		1	1024	10601
1904301107	1904301108,1904301110,1904301112		1	1024	10100
1904301108	1904301109		2		
1904301109	1904301114		1	1024	10301
1904301110	1904301111		2		
1904301111	1904301114		1	1024	10801
1904301112	1904301113		2		
1904301113	1904301114		1	1024	10301
1904301114	1904301115		1	1024	10100
1904301115			1	1024	10100
1904302101	1904302102		1	1024	10100
1904302102	1904302103,1904302105		1	1024	10401
1904302103	1904302105		2		
1904302104	1904302105		2		
1904302105	1904302106		1	1024	10100
1904302106	1904302107		1	1024	10101
1904302107			1	1024	10100
1904303101	1904303102,1904303103,1904303104		1	1024	10100
1904303102	1904303105		2		
1904303103	1904303105		2		
1904303104	1904303105		2		
1904303105	1904303106		1	1024	10100
1904303106	1904303107,1904303108		1	1024	10201
1904303107	1904303109		2		
1904303108	1904303109		2		
1904303109	1904303110		1	1024	10100
1904303110	1904303111		1	1024	10101
1904303111	1904303112		1	1024	10101
1904303112	1904303113		1	1024	10100
1904303113	1904303114		1	1024	10100
1904303114	1904303115,1904303118		1	1024	10100
1904303115	1904303116		2		
1904303116	1904303117		1	1024	10301
1904303117	1904303120		1	1024	10301
1904303118	1904303119		2		
1904303119	1904303120		1	1024	10101
1904303120	1904303121		1	1024	10100
1904303121			1	1024	10100
1904304101	1904304102		1	1024	10100
1904304102	1904304103		1	1024	10101
1904304103	1904304104		1	1024	10100
1904304104	1904304105		1	1024	10100
1904304105	1904304106		1	1024	10401
1904304106	1904304107		1	1024	10100
1904304107	1904304108		1	1024	10100
1904304108	1904304109,1904304111		1	1024	10100
1904304109	1904304110		2		
1904304110	1904304113		1	1024	10401
1904304111	1904304112		2		
1904304112	1904304113		1	1024	10801
1904304113	1904304114		1	1024	10100
1904304114	1904304115		1	1024	10401
1904304115	1904304116		1	1024	
1904304116	1904304117,1904304118		1	1024	10100
1904304117	1904304119		2		
1904304118	1904304119		2		
1904304119	1904304120		1	1024	10801
1904304120	1904304121		1	1024	
1904304121	1904304122		1	1413	
1904304122	1904304123		1	1024	10100
1904304123	1904304124		1	1413	
1904304124	1904304125		1	1024	10701
1904304125	1904304126		1	1413	
1904304126	1904304127		1	1024	10100
1904304127	1904304128,1904304129		1	1024	10100
1904304128	1904304130		2		
1904304129	1904304130		2		
1904304130	1904304131		1	1024	10801
1904304131	1904304132		1	1413	
1904304132			1	1024	10100
1904401101	1904401102		1	1024	10100
1904401102	1904401103		1	1024	10201
1904401103	1904401104,1904401106		1	1024	10100
1904401104	1904401105		2		
1904401105	1904401108		1	1024	10601
1904401106	1904401107		2		
1904401107	1904401108		1	1024	10301
1904401108			1	1024	10100
1904402101	1904402102		1	1024	10100
1904402102	1904402103		1	1024	10101
1904402103	1904402104		1	1024	10100
1904402104	1904402105,1904402106		1	1024	10100
1904402105	1904402107		2		
1904402106	1904402107		2		
1904402107	1904402108		1	1024	10101
1904402108			1	1024	10100
1904403101	1904403102		1	1024	10100
1904403102	1904403103	1	2		
1904403103	1904403104		1	1024	10701
1904403104	1904403105		1	1024	10100
1904403105	1904403106		1	1024	10100
1904403106	1904403107		1	1024	
1904403107	1904403108		1	1024	10601
1904403108	1904403109		2		
1904403109	1904403110		1	1024	10100
1904403110	1904403111		2		
1904403111	1904403112		1	1024	10601
1904403112	1904403113		1	1024	10100
1904403113	1904403114		1	1024	10100
1904403114	1904403115		1	1024	
1904403115	1904403116		1	1024	10701
1904403116	1904403117		1	1024	10100
1904403117			1	1024	10100
1904404101	1904404102		1	1024	10100
1904404102	1904404103		1	10374	
1904404103	1904404104		1	1024	10701
1904404104	1904404105		1	10374	
1904404105	1904404106		1	1024	10100
1904404106	1904404107		1	10374	
1904404107	1904404108		1	1024	10100
1904404108	1904404109		1	10374	
1904404109	1904404110		1	1024	10801
1904404110	1904404111		1	10374	
1904404111	1904404112,1904404113		1	10374	
1904404112	1904404114		2		
1904404113	1904404114		2		
1904404114	1904404115		1	10374	
1904404115	1904404116		1	1024	10100
1904404116	1904404117		1	1024	10100
1904404117	1904404118		1	10374	
1904404118	1904404119		1	10374	
1904404119	1904404120		1	1024	10801
1904404120	1904404121		1	10374	
1904404121	1904404122		1	10374	
1904404122	1904404123		1	10374	
1904404123	1904404124		1	10374	
1904404124	1904404125,1904404127		1	10374	
1904404125	1904404128		2		
1904404126	1904404127		1	10374	
1904404127	1904404128		2		
1904404128	1904404129		1	10374	
1904404129	1904404130		1	1024	10100
1904404130	1904404131		1	1024	10801
1904404131	1904404132		1	10374	
1904404132	1904404133		1	1024	10100
1904404133	1904404134		1	1024	10801
1904404134	1904404135		1	10374	
1904404135	1904404136		1	10374	
1904404136	1904404137		1	10374	
1904404137	1904404138		1	1024	10801
1904404138	1904404139		1	10374	
1904404139	1904404140		1	10374	
1904404140	1904404141		1	1024	10100
1904404141			1	1024	10100
1904404191			2		
1904404192			2		
1904404201	1904404202		1	10374	
1904404202	1904404203		1	10374	
1904404203	1904404204		1	1024	10100
1904404204	1904404205		1	10374	
1904404205	1904404206		1	10374	
1904404206	1904404207		1	10374	
1904404207	1904404208		1	10374	
1904404208			1	1024	10701
1904404301	1904404302,1904404303		1	1024	10100
1904404302	1904404304		2		
1904404303	1904404304		2		
1904404304	1904404305,1904404306		1	1024	10601
1904404305	1904404307		2		
1904404306	1904404307		2		
1904404307	1904404308		1	1024	10801
1904404308	1904404309		1	1024	
1904404309	1904404310		1	1024	10100
1904404310	1904404311		1	10374	
1904404311	1904404312		1	10374	
1904404312	1904404313		1	10374	
1904404313	1904404314		1	1024	10100
1904404314	1904404315		1	10374	
1904404315			1	10374	
1904405301	1904405302		1	1024	10100
1904405302	1904405303,1904405304		1	1024	10301
1904405303	1904405305		2		
1904405304	1904405305		1	1024	10100
1904405305	1904405306		1	1024	10601
1904405306	1904405307		1	1024	
1904405307	1904405308,1904405309		1	1024	10100
1904405308	1904405310		2		
1904405309	1904405310		2		
1904405310	1904405311		1	1024	10801
1904405311	1904405312		1	1024	10100
1904405312	1904405313		1	1024	10100
1904405313	1904405314		1	1024	10601
1904405314	1904405315,1904405316		1	1024	10100
1904405315	1904405317		2		
1904405316	1904405317		2		
1904405317	1904405318		1	1024	10701
1904405318	1904405319		1	1024	10100
1904405319	1904405320		1	1024	10601
1904405320	1904405321		1	1024	
1904405321	1904405322		1	1024	
1904405322	1904405323	1	2		
1904405323	1904405324		1	1024	10100
1904405324	1904405325		1	1024	10100
1904405325	1904405326		1	1024	10100
1904405326	1904405327		1	1024	10601
1904405327	1904405328		1	1024	
1904405328	1904405329		1	1024	
1904405329	1904405330	1	2		
1904405330	1904405331		1	1024	10100
1904405331	1904405332		1	1024	10100
1904405332	1904405333,1904405334		1	1024	10100
1904405333	1904405335		2		
1904405334	1904405335		2		
1904405335	1904405336		1	1024	10201
1904405336	1904405337		1	1024	10100
1904405337	1904405338		1	1024	10401
1904405338	1904405339	1	2		
1904405339			1	1024	10100
1904501101	1904501102		1	1024	10100
1904501102	1904501103		1	1024	10101
1904501103			1	1024	10100
1904502101	1904502102		1	1024	10100
1904502102	1904502103		1	1024	10100
1904502103	1904502104		1	1024	10601
1904502104	1904502105		1	1024	
1904502105			1	1024	10100
1904502191			2		
1904502192			2		
1904502201	1904502202		1	1024	10201
1904502202	1904502203		1	1024	10100
1904502203	1904502204,1904502206		1	1024	10100
1904502204	1904502205		2		
1904502205	1904502208		1	1024	10201
1904502206	1904502207		2		
1904502207	1904502208		1	1024	10601
1904502208	1904502209		1	1024	
1904502209	1904502210		1	1024	10100
1904502210	1904502211		1	1024	10701
1904502211			1	1024	
1904502301	1904502302		1	1024	10100
1904502302	1904502303		1	1024	10100
1904502303	1904502304	1	2		
1904502304	1904502305		1	1024	10601
1904502305			1	1024	10100
1904507101	1904507102		1	1024	10401
1904507102	1904507103		1	1024	
1904507103	1904507104		1	1024	10100
1904507104			1	1024	10100
1904503301	1904503302		1	1024	10100
1904503302	1904503303,1904503304		1	1024	10100
1904503303	1904503305		2		
1904503304	1904503305		2		
1904503305	1904503306		1	1024	10601
1904503306	1904503307		1	1024	10100
1904503307	1904503308		1	1024	10301
1904503308	1904503309	1	2		
1904503309	1904503310		1	1024	10100
1904503310	1904503311		1	1024	10100
1904503311	1904503312,1904503313		1	1024	10100
1904503312	1904503314		2		
1904503313	1904503314		2		
1904503314	1904503315		1	1024	10801
1904503315	1904503316		1	1024	
1904503316	1904503317,1904503319		1	1024	10100
1904503317	1904503318		2		
1904503318	1904503321		1	1024	10101
1904503319	1904503320		2		
1904503320	1904503321		1	1024	10701
1904503321	1904503322		1	1024	10100
1904503322	1904503323	1	2		
1904503323	1904503324		1	1024	10801
1904503324	1904503325		1	1024	10100
1904503325	1904503326		1	1024	10100
1904503326	1904503327,1904503328		1	1024	10601
1904503327	1904503328		2		
1904503328	1904503329		2		
1904503329			1	1024	10100
1904504101	1904504102		1	1024	10100
1904504102	1904504103		1	1024	10201
1904504103	1904504104,1904504105		1	1024	10100
1904504104	1904504106		2		
1904504105	1904504106		2		
1904504106	1904504107		1	1024	10100
1904504107	1904504108		1	1024	10201
1904504108	1904504109		1	1024	10100
1904504109	1904504110,1904504112		1	1024	10100
1904504110	1904504111		2		
1904504111	1904504115		1	1024	10601
1904504112	1904504113		2		
1904504113	1904504114		1	1024	10701
1904504114	1904504115		1	1024	10100
1904504115	1904504116,1904504117		1	1024	10100
1904504116	1904504118		2		
1904504117	1904504118		2		
1904504118	1904504119		1	1024	10100
1904504119	1904504120		1	1024	10201
1904504120	1904504121		1	1024	
1904504121	1904504122		1	1024	10100
1904504122	1904504123	1	2		
1904504123	1904504124		1	1024	10101
1904504124	1904504125		1	1024	10100
1904504125	1904504126		1	1024	10601
1904504126	1904504127		1	1024	
1904504127	1904504128		1	1024	10100
1904504128			1	1024	10100
1904505101	1904505102		1	1024	10100
1904505102	1904505103		1	1024	10301
1904505103			1	1024	10100
1904508101	1904508102,1904508103		1	1024	10100
1904508102	1904508103		2		
1904508103	1904508106		1	1024	10401
1904508104	1904508105		2		
1904508105	1904508106		1	1024	10801
1904508106			1	1024	10100
1904506101	1904506102		1	1024	10100
1904506102	1904506103		1	1024	10401
1904506103	1904506104,1904506106		1	1024	10100
1904506104	1904506105		2		
1904506105	1904506108		1	1024	10201
1904506106	1904506107		2		
1904506107	1904506108		1	1024	10201
1904506108	1904506109		1	1024	10100
1904506109	1904506110,1904506111		1	1024	10101
1904506110	1904506112		2		
1904506111	1904506112		2		
1904506112	1904506113		1	1024	10100
1904506113	1904506114		1	1024	10601
1904506114	1904506115		1	1024	10100
1904506115	1904506116		1	1024	10101
1904506116	1904506117		1	1024	10101
1904506117	1904506118		1	1024	10201
1904506118			1	1024	10100
1906101101	1906101102		1	1027	10100
1906101102	1906101103,1906101104		1	1027	10101
1906101103	1906101105		2		
1906101104	1906101105		2		
1906101105	1906101106		1	1027	10801
1906101106	1906101107		1	1027	10100
1906101107	1906101108	1	2		
1906101108	1906101109		1	1027	10301
1906101109	1906101110		1	1027	10100
1906101110	1906101111		1	1027	10801
1906101111	1906101112	1	2		
1906101112	1906101113		1	1027	10401
1906101113	1906101114		1	1027	10100
1906101114	1906101115		1	1027	10301
1906101115	1906101116		1	1027	10100
1906101116			1	1027	10101
1906101191			2		
1906101192			2		
1906101201	1906101202		1	1027	10301
1906101202	1906101203		1	1027	10100
1906101203	1906101204		1	1027	10801
1906101204	1906101205,1906101206		1	1027	10100
1906101205	1906101207		2		
1906101206	1906101209		2		
1906101207	1906101208		1	1027	10701
1906101208	1906101211	1	2		
1906101209	1906101210		1	1027	
1906101210	1906101211	1	2		
1906101211	1906101212,1906101213		1	1027	
1906101212	1906101214		2		
1906101213	1906101214		2		
1906101214	1906101215		1	1027	10100
1906101215	1906101216		1	1027	10601
1906101216	1906101217,1906101218		1	1027	
1906101217	1906101219		2		
1906101218	1906101219		2		
1906101219			1	1027	10401
1906101301	1906101302		1	1027	10401
1906101302	1906101303		1	1027	10100
1906101303	1906101304,1906101305		1	1027	10301
1906101304	1906101306		2		
1906101305	1906101310		2		
1906101306	1906101307		1	1027	10100
1906101307	1906101308		1	1027	10101
1906101308	1906101309		1	1027	10100
1906101309	1906101313		1	1027	10601
1906101310	1906101311		1	1027	10100
1906101311	1906101312		1	1027	10101
1906101312	1906101313		1	1027	10401
1906101313			1	1027	10100
1906101391			2		
1906101392			2		
1906101501	1906101502		1	1027	10701
1906101502	1906101503		1	1027	10100
1906101503	1906101504		1	1027	10601
1906101504	1906101505		1	1027	10100
1906101505	1906101506		1	1027	10801
1906101506	1906101507	1	2		
1906101507	1906101508		1	1027	10201
1906101508	1906101509		1	1027	10601
1906101509			1	1027	10100
1906101601	1906101602		1	1027	10701
1906101602	1906101603		1	1027	10301
1906101603	1906101604		1	1027	
1906101604	1906101605	1	2		
1906101605	1906101606		1	1027	10100
1906101606	1906101607,1906101608		1	1027	10801
1906101607	1906101609		2		
1906101608	1906101609		2		
1906101609	1906101610		1	1027	10100
1906101610	1906101611		1	1027	10601
1906101611	1906101612,1906101613		1	1027	10401
1906101612	1906101614		2		
1906101613	1906101616		2		
1906101614	1906101615		1	1027	10601
1906101615	1906101616	1	2		
1906101616			1	1027	10100
1906103101	1906103102		1	1027	10100
1906103102	1906103103		1	11001	
1906103103	1906103104		1	1027	10101
1906103104	1906103105		1	1027	10601
1906103105	1906103106		1	11001	
1906103106	1906103107		1	11001	
1906103107	1906103108		1	11001	
1906103108	1906103109	1	2		
1906103109	1906103110		1	11001	
1906103110	1906103111		1	11001	
1906103111	1906103112		1	1027	10100
1906103112	1906103113		1	1027	10101
1906103113	1906103114		1	11001	
1906103114	1906103115		1	1027	10100
1906103115	1906103116		1	1027	10201
1906103116	1906103117		1	11001	
1906103117	1906103118		1	11001	
1906103118	1906103119	1	2		
1906103119	1906103120		1	11001	
1906103120	1906103121		1	1027	10100
1906103121	1906103122		1	11001	
1906103122	1906103123	1	2		
1906103123	1906103124		1	11001	
1906103124	1906103125		1	11001	
1906103125	1906103126	1	2		
1906103126	1906103127		1	11001	
1906103127	1906103128		1	1027	10701
1906103128	1906103129		1	1027	10100
1906103129	1906103130		1	11001	
1906103130			1	1027	10401
1906104101	1906104102		1	1027	10100
1906104102	1906104103,1906104104		1	1027	10601
1906104103	1906104105		2		
1906104104	1906104106		2		
1906104105	1906104107		1	11001	
1906104106	1906104107		1	11001	
1906104107	1906104108		1	11001	
1906104108	1906104109,1906104110		1	1027	10701
1906104109	1906104111		2		
1906104110	1906104111		2		
1906104111	1906104112		1	11001	
1906104112	1906104113		1	11001	
1906104113	1906104114	1	2		
1906104114	1906104115		1	11001	
1906104115	1906104116		1	1027	10601
1906104116	1906104117		1	11001	
1906104117	1906104118		1	11001	
1906104118	1906104119		1	1027	10100
1906104119	1906104120		1	1027	10101
1906104120	1906104121		1	11001	
1906104121	1906104122		1	11001	
1906104122	1906104123		1	1027	10101
1906104123	1906104124		1	1027	10100
1906104124	1906104125		1	1027	10601
1906104125	1906104126		1	11001	
1906104126	1906104127	1	2		
1906104127	1906104128		1	1027	10100
1906104128	1906104129	1	2		
1906104129	1906104130		1	1027	10601
1906104130	1906104131		1	1027	10100
1906104131	1906104132		1	1027	10101
1906104132	1906104133		1	1027	10100
1906104133	1906104134	1	2		
1906104134	1906104135		1	1027	10201
1906104135	1906104136		1	11001	
1906104136	1906104137		1	1027	10100
1906104137			1	1027	10101
1906201101	1906201102		1	143701	
1906201102	1906201103		1	143701	
1906201103	1906201104		1	11001	
1906201104	1906201105		1	143701	
1906201105	1906201106		1	143701	
1906201106	1906201107		1	11001	
1906201107	1906201108		1	143701	
1906201108	1906201109		1	143701	
1906201109	1906201110		1	11001	
1906201110	1906201111		1	143701	
1906201111	1906201112		1	11001	
1906201112	1906201113		1	143701	
1906201113	1906201114		1	1027	10100
1906201114	1906201115		1	1027	10601
1906201115	1906201116		1	143701	
1906201116	1906201117		1	1027	10100
1906201117	1906201118		1	143701	
1906201118	1906201119,1906201120		1	143701	
1906201119	1906201121		2		
1906201120	1906201127		2		
1906201121	1906201122		1	143701	
1906201122	1906201123		1	1027	10101
1906201123	1906201124,1906201125		1	11001	
1906201124	1906201126		2		
1906201125	1906201126		2		
1906201126	1906201132		1	11001	
1906201127	1906201128		1	143701	
1906201128	1906201129	1	2		
1906201129	1906201130		1	1027	10801
1906201130	1906201131		1	1027	10401
1906201131	1906201132	1	2		
1906201132			1	143701	
1906203101	1906203102		1	11001	
1906203102	1906203103	1	2		
1906203103	1906203104		1	11001	
1906203104	1906203105		1	1027	10100
1906203105	1906203106		1	1027	10101
1906203106	1906203107		1	1027	10100
1906203107	1906203108		1	1027	10201
1906203108	1906203109		1	11001	
1906203109			1	11001	
1906203191			2		
1906203192			2		
1906203201	1906203202		1	11001	
1906203202	1906203203	1	2		
1906203203	1906203204		1	11001	
1906203204	1906203205		1	11001	
1906203205	1906203206		1	1027	10701
1906203206	1906203207		1	1027	10301
1906203207	1906203208	1	2		
1906203208			1	11001	
1906203301	1906203302		1	11001	
1906203302	1906203303		1	11001	
1906203303	1906203304		1	1027	10701
1906203304	1906203305		1	1027	10301
1906203305	1906203306	1	2		
1906203306			1	11001	
1906204101	1906204102		1	11001	
1906204102	1906204103,1906204104		1	11001	
1906204103	1906204105		2		
1906204104	1906204105		2		
1906204105	1906204106		1	11001	
1906204106	1906204107		1	11001	
1906204107	1906204108		1	1027	10100
1906204108	1906204109		1	11001	
1906204109	1906204110		1	1027	10601
1906204110	1906204111		1	11001	
1906204111	1906204112		1	1027	10100
1906204112	1906204113		1	1027	10101
1906204113	1906204114		1	1027	10601
1906204114	1906204115		1	1027	10101
1906204115	1906204116		1	1027	10100
1906204116	1906204117		1	11001	
1906204117	1906204118		1	1027	10101
1906204118	1906204119		1	11001	
1906204119			1	11001	
1906204191			2		
1906204192			2		
1906204201	1906204202		1	11001	
1906204202	1906204203	1	2		
1906204203	1906204204,1906204205		1	11001	
1906204204	1906204206		2		
1906204205	1906204206		2		
1906204206	1906204207		1	1027	10100
1906204207	1906204208		1	1027	10101
1906204208	1906204209		1	11001	
1906204209			1	11001	
1906204301	1906204302,1906204303		1	11001	
1906204302	1906204304		2		
1906204303	1906204304		2		
1906204304	1906204305		1	1027	10100
1906204305	1906204306		1	1027	10101
1906204306	1906204307		1	11001	
1906204307			1	11001	
1906205101	1906205102		1	143501	
1906205102	1906205103		1	1027	10100
1906205103	1906205104		1	1027	10101
1906205104	1906205105		1	11001	
1906205105	1906205106		1	11001	
1906205106	1906205107		1	1027	10201
1906205107	1906205108,1906205109		1	11001	
1906205108	1906205110		2		
1906205109	1906205110		2		
1906205110			1	11001	
1906205191			2		
1906205192			2		
1906205201			1	11001	
1906205301			1	11001	
1906205401	1906205402		1	1027	10100
1906205402	1906205403		1	1027	10101
1906205403	1906205404		1	1027	10100
1906205404	1906205405		1	11001	
1906205405	1906205406		1	1027	10601
1906205406	1906205407		1	11001	
1906205407	1906205408		1	1027	10701
1906205408	1906205409		1	1027	10100
1906205409	1906205410		1	1027	10601
1906205410	1906205411		1	1027	10101
1906205411	1906205412,1906205413		1	11001	
1906205412	1906205414		2		
1906205413	1906205414		2		
1906205414	1906205415		1	1027	10701
1906205415	1906205416		1	1027	10601
1906205416	1906205417		1	1027	10100
1906205417			1	1027	10101
1906205501	1906205502		1	1027	10100
1906205502	1906205503		1	1027	10101
1906205503	1906205504		1	11001	
1906205504	1906205505		1	11001	
1906205505	1906205506		1	11001	
1906205506	1906205507		1	11001	
1906205507	1906205508		1	11001	
1906205508	1906205509		1	1027	10100
1906205509	1906205510		1	1027	10101
1906205510	1906205511		1	1027	10100
1906205511	1906205512		1	1027	10601
1906205512	1906205513		1	1027	10100
1906205513	1906205514		1	1027	10801
1906205514	1906205515		1	1027	10100
1906205515	1906205516		1	11001	
1906205516	1906205517		1	11001	
1906205517	1906205518		1	1027	10701
1906205518	1906205519		1	1027	10100
1906205519	1906205520		1	11001	
1906205520	1906205521		1	11001	
1906205521	1906205522		1	11001	
1906205522	1906205523		1	11001	
1906205523	1906205524		1	1027	10601
1906205524	1906205525,1906205526		1	1027	10101
1906205525	1906205527		2		
1906205526	1906205527		2		
1906205527	1906205528		1	11001	
1906205528	1906205529		1	11001	
1906205529	1906205530		1	11001	
1906205530	1906205531		1	1027	10100
1906205531			1	1027	10201
1906206101	1906206102		1	11001	
1906206102	1906206103	1	2		
1906206103	1906206104		1	11001	
1906206104	1906206105	1	2		
1906206105	1906206106,1906206107		1	11001	
1906206106	1906206108		2		
1906206107	1906206108		2		
1906206108	1906206109		1	11001	
1906206109	1906206110		1	11001	
1906206110	1906206111		1	11001	
1906206111	1906206112		1	11001	
1906206112	1906206113		1	11001	
1906206113	1906206114		1	11001	
1906206114	1906206115	1	2		
1906206115	1906206116		1	11001	
1906206116	1906206117		1	11001	
1906206117	1906206118	1	2		
1906206118	1906206119		1	11001	
1906206119	1906206120	1	2		
1906206120			1	11001	
1906207101	1906207102		1	1027	10100
1906207102	1906207103		1	1027	10601
1906207103	1906207104	1	2		
1906207104	1906207105		1	1027	10701
1906207105	1906207106		1	1027	10100
1906207106	1906207107		1	1027	10601
1906207107	1906207108		1	1027	10100
1906207108	1906207109,1906207110		1	1027	10301
1906207109	1906207111		2		
1906207110	1906207114		2		
1906207111	1906207112		1	1027	10301
1906207112	1906207113		1	1027	10100
1906207113	1906207117		1	1027	
1906207114	1906207115		1	1027	10301
1906207115	1906207116		1	1027	10100
1906207116	1906207117		1	1027	
1906207117			1	1027	10801
1906401101	1906401102		1	160501	
1906401102	1906401103		1	160501	
1906401103	1906401104		1	1027	10100
1906401104	1906401105		1	1027	10601
1906401105	1906401106		1	1027	10100
1906401106	1906401107		1	160501	
1906401107	1906401108		1	160501	
1906401108	1906401109	1	2		
1906401109	1906401110		1	160501	
1906401110	1906401111		1	160501	
1906401111	1906401112		1	160501	
1906401112	1906401113	1	2		
1906401113	1906401114		1	1027	10601
1906401114	1906401115	1	2		
1906401115			1	1027	10100
1906402101	1906402102		1	1027	10100
1906402102	1906402103	1	2		
1906402103	1906402104		1	1027	10801
1906402104	1906402105		1	1027	10100
1906402105	1906402106		1	1027	10301
1906402106	1906402107		1	1027	
1906402107	1906402108		1	1027	10100
1906402108			1	1027	10801
1906402191			2		
1906402192			2		
1906402201	1906402202,1906402203		1	1027	10701
1906402202	1906402204		2		
1906402203	1906402204		2		
1906402204	1906402205		1	1027	10100
1906402205	1906402206		1	1027	10601
1906402206	1906402207,1906402208		1	1027	10100
1906402207	1906402209		2		
1906402208	1906402209		2		
1906402209			1	1027	10401
1906402301	1906402302		1	1027	10701
1906402302	1906402303		1	1027	10100
1906402303	1906402304		1	1027	10401
1906402304	1906402305	1	2		
1906402305	1906402306		1	1027	10701
1906402306	1906402307		1	1027	10601
1906402307	1906402308		1	1027	10100
1906402308	1906402309	1	2		
1906402309			1	1027	10401
1906501101	1906501102		1	1027	10100
1906501102	1906501103		1	1027	10301
1906501103	1906501104		1	1027	10100
1906501104	1906501105	1	2		
1906501105	1906501106,1906501107		1	1027	10701
1906501106	1906501108		2		
1906501107	1906501108		2		
1906501108	1906501109		1	1027	10100
1906501109	1906501110		1	1027	10601
1906501110	1906501111		1	1027	10100
1906501111	1906501112		1	1027	10301
1906501112	1906501113	1	2		
1906501113	1906501114		1	1027	10701
1906501114	1906501115	1	2		
1906501115	1906501116		1	1027	10100
1906501116	1906501117		1	1027	10601
1906501117	1906501118		1	1027	10701
1906501118	1906501119		1	1027	10100
1906501119	1906501120		1	1027	10601
1906501120	1906501121		1	1027	10100
1906501121	1906501122	1	2		
1906501122			1	1027	10201
1906501201	1906501202		1	1027	10100
1906501202	1906501203		1	1027	10301
1906501203	1906501204		1	1027	10100
1906501204	1906501205	1	2		
1906501205	1906501206,1906501207		1	1027	10701
1906501206	1906501208		2		
1906501207	1906501208		2		
1906501208	1906501209		1	1027	10100
1906501209	1906501210		1	1027	10601
1906501210	1906501211		1	1027	10100
1906501211	1906501212		1	1027	10301
1906501212	1906501213	1	2		
1906501213	1906501214		1	1027	10701
1906501214	1906501215	1	2		
1906501215	1906501216		1	1027	10100
1906501216	1906501217		1	1027	10601
1906501217	1906501218		1	1027	10701
1906501218	1906501219		1	1027	10100
1906501219	1906501220		1	1027	10601
1906501220	1906501221		1	1027	10100
1906501221	1906501222	1	2		
1906501222			1	1027	10201
1906502101	1906502102		1	11002	
1906502102	1906502103		1	11002	
1906502103	1906502104		1	11002	
1906502104	1906502105	1	2		
1906502105	1906502106		1	11002	
1906502106	1906502107,1906502108		1	1027	10100
1906502107	1906502109		2		
1906502108	1906502109		2		
1906502109	1906502110		1	11002	
1906502110	1906502111		1	11002	
1906502111	1906502112		1	11002	
1906502112	1906502113	1	2		
1906502113	1906502114		1	1027	10101
1906502114	1906502115		1	1027	10100
1906502115	1906502116		1	1027	10601
1906502116	1906502117,1906502118		1	11002	
1906502117	1906502119		2		
1906502118	1906502119		2		
1906502119	1906502120		1	1027	10701
1906502120	1906502121,1906502122		1	1027	10100
1906502121	1906502123		2		
1906502122	1906502123		2		
1906502123	1906502124		1	1027	10701
1906502124	1906502125		1	1027	10100
1906502125	1906502126		1	1027	10601
1906502126	1906502127	1	2		
1906502127	1906502128		1	11002	
1906502128	1906502129,1906502130		1	11002	
1906502129	1906502131		2		
1906502130	1906502131		2		
1906502131	1906502132		1	11002	
1906502132	1906502133		1	11002	
1906502133	1906502134		1	1027	10100
1906502134			1	1027	10101
1906601101	1906601102		1	11003	
1906601102	1906601103		1	1027	10100
1906601103	1906601104		1	11003	
1906601104	1906601105		1	1027	10801
1906601105	1906601106		1	11003	
1906601106	1906601107		1	11003	
1906601107	1906601108,1906601109		1	11003	
1906601108	1906601110		2		
1906601109	1906601110		2		
1906601110	1906601111		1	11003	
1906601111	1906601112		1	11003	
1906601112	1906601113		1	11003	
1906601113	1906601114		1	1027	10401
1906601114	1906601115	1	2		
1906601115	1906601116		1	11003	
1906601116	1906601117		1	11003	
1906601117	1906601118		1	1027	
1906601118	1906601119	1	2		
1906601119	1906601120		1	1027	10100
1906601120	1906601121		1	11003	
1906601121	1906601122		1	1027	10101
1906601122			1	11003	
1906602101	1906602102		1	1027	10100
1906602102	1906602103,1906602104		1	1027	10101
1906602103	1906602105		2		
1906602104	1906602105		2		
1906602105	1906602106		1	11003	
1906602106	1906602107		1	1027	10100
1906602107	1906602108		1	1027	10601
1906602108	1906602109	1	2		
1906602109	1906602110		1	11003	
1906602110	1906602111		1	11003	
1906602111	1906602112		1	1027	10701
1906602112	1906602113		1	1027	10100
1906602113	1906602114,1906602115		1	1027	10801
1906602114	1906602116		2		
1906602115	1906602116		2		
1906602116	1906602117		1	1027	10201
1906602117			1	1027	10401
1906701101	1906701102		1	140101	
1906701102	1906701103		1	1027	10100
1906701103	1906701104		1	1027	
1906701104	1906701105		1	140101	
1906701105	1906701106		1	1027	10101
1906701106	1906701107		1	140101	
1906701107	1906701108		1	140101	
1906701108	1906701109		1	1027	10701
1906701109	1906701110		1	1027	10801
1906701110	1906701111		1	140101	
1906701111	1906701112		1	140101	
1906701112	1906701113		1	140101	
1906701113	1906701114		1	140101	
1906701114	1906701115		1	1027	10100
1906701115	1906701116		1	1027	10801
1906701116	1906701117		1	140101	
1906701117	1906701118		1	1027	10100
1906701118	1906701119,1906701120		1	1027	10401
1906701119	1906701121		2		
1906701120	1906701127		2		
1906701121	1906701122		1	1027	10100
1906701122	1906701123		1	1027	10301
1906701123	1906701124		1	1027	10401
1906701124	1906701125	1	2		
1906701125	1906701126		1	1027	10100
1906701126	1906701127	1	2	1027	
1906701127	1906701128		1	1027	10201
1906701128	1906701129	1	2		
1906701129	1906701130		1	1027	10100
1906701130	1906701131,1906701132		1	1027	10601
1906701131	1906701133		2		
1906701132	1906701133		2		
1906701133	1906701134		1	1027	10701
1906701134	1906701135		1	1027	10100
1906701135	1906701136		1	1027	10201
1906701136			1	1027	10601
1906701191			2		
1906701192			2		
1906701201	1906701202		1	1027	10601
1906701202	1906701203		1	1027	10100
1906701203	1906701204		1	1027	10601
1906701204	1906701205		1	1027	10100
1906701205	1906701206	1	2		
1906701206			1	1027	10701
1906701301	1906701302		1	1027	10100
1906701302	1906701303		1	1027	10101
1906701303	1906701304		1	1027	10100
1906701304	1906701305		1	1027	10601
1906701305	1906701306,1906701307		1	1027	
1906701306	1906701308		2		
1906701307	1906701308		2		
1906701308	1906701309		1	1027	10801
1906701309	1906701310		1	1027	10601
1906701310	1906701311		1	1027	10100
1906701311	1906701312		1	1027	10801
1906701312	1906701313		1	1027	10100
1906701313			1	1027	10101
1906801101	1906801102		1	1027	10100
1906801102	1906801103,1906801104		1	1027	10801
1906801103	1906801105		2		
1906801104	1906801105		2		
1906801105	1906801106		1	1027	10100
1906801106	1906801107,1906801108		1	1027	10401
1906801107	1906801109		2		
1906801108	1906801109		2		
1906801109			1	1027	10801
1906802101	1906802102		1	140101	
1906802102	1906802103		1	1027	10100
1906802103	1906802104		1	140101	
1906802104	1906802105		1	1027	10801
1906802105	1906802106		1	140101	
1906802106	1906802107		1	140101	
1906802107	1906802108		1	140101	
1906802108	1906802109		1	140101	
1906802109	1906802110		1	1027	10301
1906802110	1906802111		1	1027	10100
1906802111	1906802112		1	140101	
1906802112	1906802113		1	140101	
1906802113	1906802114		1	1027	10301
1906802114	1906802115		1	140101	
1906802115	1906802116,1906802117		1	1027	
1906802116	1906802118		2	1027	
1906802117	1906802118		2	1027	
1906802118	1906802119		1	1027	10100
1906802119	1906802120		1	1027	10801
1906802120	1906802121	1	2		
1906802121	1906802122		1	1027	10100
1906802122	1906802123		1	1027	10301
1906802123	1906802124		1	1027	10100
1906802124			1	1027	10801
1906803101	1906803102		1	1027	10100
1906803102	1906803103		1	1027	10601
1906803103	1906803104		1	1027	
1906803104	1906803105		1	1027	10100
1906803105	1906803106	1	2		
1906803106	1906803107		1	1027	10801
1906803107	1906803108		1	1027	10100
1906803108	1906803109		1	1027	10201
1906803109	1906803110	1	2		
1906803110	1906803111		1	1027	10100
1906803111	1906803112		1	1027	10101
1906803112	1906803113		1	1027	10100
1906803113	1906803114		1	1027	10401
1906803114	1906803115,1906803116		1	1027	10100
1906803115	1906803117		2		
1906803116	1906803117		2		
1906803117	1906803118		1	1027	10801
1906803118	1906803119		1	1027	
1906803119	1906803120		1	1027	10701
1906803120			1	1027	10301
1906901101	1906901102		1	143501	
1906901102	1906901103		1	143501	
1906901103	1906901104	1	2		
1906901104	1906901105		1	143501	
1906901105	1906901106		1	143501	
1906901106	1906901107		1	143501	
1906901107	1906901108		1	143501	
1906901108	1906901109		1	1027	10100
1906901109	1906901110		1	1027	10301
1906901110	1906901111		1	143501	
1906901111	1906901112		1	143501	
1906901112	1906901113,1906901114,1906901115		1	143501	
1906901113	1906901116		2		
1906901114	1906901117		2		
1906901115	1906901118		2		
1906901116	1906901119		1	143501	
1906901117	1906901119		1	143501	
1906901118	1906901119		1	143501	
1906901119	1906901120		1	1027	10701
1906901120	1906901121		1	1027	10801
1906901121	1906901122		1	143501	
1906901122	1906901123	1	2		
1906901123	1906901124		1	143501	
1906901124	1906901125		1	143501	
1906901125	1906901126		1	1027	10401
1906901126	1906901127		1	1027	10100
1906901127	1906901128		1	143501	
1906901128	1906901129	1	2		
1906901129	1906901130		1	143501	
1906901130	1906901131		1	143501	
1906901131	1906901132		1	143501	
1906901132	1906901133		1	143501	
1906901133			1	143501	
1906901191			2		
1906901192			2		
1906901201	1906901202		1	1027	10601
1906901202	1906901203		1	1027	10201
1906901203			1	143501	
1906901301	1906901302		1	1027	10601
1906901302	1906901303		1	1027	10100
1906901303	1906901304		1	1027	10101
1906901304			1	143501	
1906902101	1906902102		1	140101	
1906902102	1906902103		1	140101	
1906902103	1906902104		1	140101	
1906902104	1906902105		1	140101	
1906902105	1906902106		1	1027	10100
1906902106	1906902107		1	1027	10101
1906902107	1906902108		1	140101	
1906902108	1906902109		1	1027	10100
1906902109	1906902110		1	1027	10601
1906902110	1906902111		1	140101	
1906902111	1906902112		1	140101	
1906902112	1906902113	1	2		
1906902113	1906902114		1	140101	
1906902114	1906902115		1	140101	
1906902115	1906902116		1	140101	
1906902116			1	1027	10100
1906903101	1906903102,1906903103,1906903104		1	140101	
1906903102	1906903105		2		
1906903103	1906903109		2		
1906903104	1906903112		2		
1906903105	1906903106		1	140101	
1906903106	1906903107		1	140101	
1906903107	1906903108		1	140101	
1906903108	1906903113		1	1027	10100
1906903109	1906903110		1	140101	
1906903110	1906903111		1	140101	
1906903111	1906903113		1	1027	10401
1906903112	1906903113		1	1027	10100
1906903113	1906903114		1	1027	10801
1906903114	1906903115		1	140101	
1906903115	1906903116		1	1027	10100
1906903116	1906903117		1	140101	
1906903117	1906903118		1	140101	
1906903118	1906903119		1	1027	10301
1906903119	1906903120		1	140101	
1906903120	1906903121		1	140101	
1906903121	1906903122		1	1027	10100
1906903122	1906903123		1	1027	10801
1906903123	1906903124		1	1027	
1906903124	1906903125	1	2		
1906903125	1906903126		1	1027	10100
1906903126	1906903127		1	1027	
1906903127	1906903128,1906903129		1	1027	10301
1906903128	1906903130		2		
1906903129	1906903130		2		
1906903130	1906903131		1	1027	10100
1906903131	1906903132	1	2		
1906903132			1	1027	10201
1906904101	1906904102		1	1027	10100
1906904102	1906904103		1	1027	10101
1906904103	1906904104	1	2		
1906904104	1906904105		1	1027	10100
1906904105	1906904106		1	1027	10801
1906904106	1906904107,1906904108		1	1027	10100
1906904107	1906904109		2		
1906904108	1906904110		2		
1906904109	1906904111		1	1027	10601
1906904110	1906904111		1	1027	10100
1906904111	1906904112,1906904113		1	1027	10101
1906904112	1906904114		2		
1906904113	1906904114		2		
1906904114	1906904115		1	1027	10801
1906904115	1906904116		1	1027	10100
1906904116	1906904117		1	1027	10401
1906904117	1906904118		1	1027	10100
1906904118	1906904119	1	2		
1906904119	1906904120		1	1027	10201
1906904120	1906904121		1	1027	10100
1906904121	1906904122		1	1027	10801
1906904122	1906904123		1	1027	10100
1906904123	1906904124		1	1027	10701
1906904124	1906904125	1	2		
1906904125	1906904126		1	1027	10601
1906904126	1906904127		1	1027	10100
1906904127	1906904128		1	1027	10101
1906904128			1	1027	10100
1910701141	1910701142		1	152901	
1910703112	1910703113		1	502	
