等级	冲击伤害系数	元素反应伤害成长	玩家反应伤害成长	玩家反应护盾成长
0	1	17.165605	17.165605	91.1791
1	1	17.165605	17.165605	91.1791
2	1	18.535048	18.535048	98.707667
3	1	19.904854	19.904854	106.23622
4	1.1	21.274903	21.274903	113.764771
5	1.2	22.6454	22.6454	121.293322
6	1.3	24.649613	24.649613	128.821878
7	1.4	26.640643	26.640643	136.350422
8	1.6	28.868587	28.868587	143.878978
9	1.8	31.367679	31.367679	151.407522
10	2	34.143343	34.143343	158.936078
11	2.2	37.201	37.201	169.991484
12	2.4	40.66	40.66	181.076253
13	2.6	44.446668	44.446668	192.190362
14	2.9	48.563519	48.563519	204.048207
15	3.2	53.74848	53.74848	215.938996
16	3.5	59.081897	59.081897	227.86275
17	3.8	64.420047	64.420047	247.685944
18	4.2	69.724455	69.724455	267.542105
19	4.6	75.123137	75.123137	287.431209
20	5	80.584775	80.584775	303.826417
21	5.4	86.112028	86.112028	320.225217
22	5.8	91.703742	91.703742	336.627633
23	6.2	97.244628	97.244628	352.319267
24	6.7	102.812644	102.812644	368.010913
25	7.2	108.409563	108.409563	383.702548
26	7.7	113.201694	113.201694	394.432358
27	8.2	118.102906	118.102906	405.18147
28	8.8	122.979318	122.979318	415.949907
29	9.4	129.72733	129.72733	426.737645
30	10	136.29291	136.29291	437.544709
31	10.6	142.67085	142.67085	448.358212
32	11.2	149.029029	149.029029	459.109209
33	11.8	155.416987	155.416987	469.798598
34	12.5	161.825495	161.825495	481.497561
35	13.2	169.106313	169.106313	490.297136
36	13.9	176.518077	176.518077	499.040878
37	14.6	184.072741	184.072741	513.439217
38	15.4	191.709518	191.709518	528.82654
39	16.2	199.556908	199.556908	544.100364
40	17	207.382042	207.382042	557.139543
41	17.8	215.3989	215.3989	574.095142
42	18.6	224.165667	224.165667	590.930383
43	19.4	233.50216	233.50216	606.621909
44	20.3	243.350573	243.350573	622.201531
45	21.2	256.063067	256.063067	637.670787
46	22.1	268.543493	268.543493	648.925372
47	23	281.526075	281.526075	666.666495
48	24	295.013648	295.013648	684.28006
49	25	309.067188	309.067188	701.767791
50	26	323.601597	323.601597	715.265404
51	27	336.757542	336.757542	732.61431
52	28	350.530312	350.530312	749.845997
53	29	364.482705	364.482705	766.962021
54	30.1	378.619181	378.619181	783.963953
55	31.2	398.600417	398.600417	799.542046
56	32.3	416.398254	416.398254	813.594706
57	33.4	434.386996	434.386996	833.515054
58	34.6	452.566797	452.566797	855.056336
59	35.8	471.426268	471.426268	876.487875
60	37	490.481663	490.481663	895.719132
61	38.2	509.50428	509.50428	914.835475
62	39.4	532.771793	532.771793	935.55716
63	40.6	556.393323	556.393323	956.158307
64	41.9	580.103031	580.103031	982.27241
65	43.2	607.894973	607.894973	1002.608357
66	44.5	630.20133	630.20133	1017.138765
67	45.8	652.866818	652.866818	1036.000248
68	47.2	675.186325	675.186325	1056.506712
69	48.6	697.782682	697.782682	1075.24468
70	50	720.170325	720.170325	1095.6274
71	51.4	742.454652	742.454652	1114.244993
72	52.8	765.205477	765.205477	1134.506186
73	54.2	784.374617	784.374617	1149.23538
74	55.7	803.401172	803.401172	1169.928226
75	57.2	830.920776	830.920776	1190.509818
76	58.7	854.403332	854.403332	1205.151034
77	60.2	877.759777	877.759777	1224.219301
78	61.8	900.117232	900.117232	1243.184982
79	63.4	923.766661	923.766661	1260.364418
80	65	946.370258	946.370258	1277.451438
81	66.6	968.634183	968.634183	1292.764642
82	68.2	991.029365	991.029365	1307.995263
83	69.8	1013.527108	1013.527108	1317.293396
84	71.5	1036.132954	1036.132954	1326.518328
85	73.2	1066.623598	1066.623598	1335.670895
86	74.9	1089.964198	1089.964198	1348.519284
87	76.6	1114.964489	1114.964489	1365.503165
88	78.4	1141.662656	1141.662656	1384.392682
89	80.2	1171.941798	1171.941798	1403.194906
90	82	1202.813736	1202.813736	1423.892583
91	83.8	1233.939915	1233.939915	1450.051664
92	85.6	1264.69967	1264.69967	1478.268695
93	87.4	1305.689483	1305.689483	1506.556377
94	89.3	1346.084383	1346.084383	1543.226237
95	91.2	1411.738173	1411.738173	1570.437698
96	93.1	1468.874501	1468.874501	1580.363126
97	95	1524.041318	1524.041318	1589.211523
98	97	1576.966305	1576.966305	1672.863538
99	99	1627.613082	1627.613082	1682.129385
100	101	1674.809242	1674.809242	1691.395354
101	103	1719.824463	1719.824463	1696.543079
102	105	1764.716533	1764.716533	1701.690804
103	107	1809.401079	1809.401079	1706.838529
104	109.1	1843.19297	1843.19297	1711.986254
105	111.2	1884.980024	1884.980024	1717.133978
106	113.3	1900.652682	1900.652682	1722.281703
107	115.4	1916.375807	1916.375807	1727.429428
108	117.6	1932.149524	1932.149524	1732.577153
109	119.8	1947.973947	1947.973947	1737.724878
110	122	1963.849194	1963.849194	1742.872603
111	124.2	1979.775385	1979.775385	1748.020328
112	126.4	1995.752646	1995.752646	1753.168053
113	128.6	2011.781094	2011.781094	1758.315778
114	130.9	2027.860851	2027.860851	1763.463503
115	133.2	2055.471827	2055.471827	1768.611228
116	135.5	2074.894563	2074.894563	1773.758953
117	137.8	2094.380896	2094.380896	1778.906678
118	140.2	2113.930973	2113.930973	1784.054402
119	142.6	2133.544944	2133.544944	1789.202127
120	145	2153.22296	2153.22296	1794.349852
121	147.4	2172.965177	2172.965177	1799.497577
122	149.8	2192.771741	2192.771741	1804.645302
123	152.2	2212.642803	2212.642803	1809.793027
124	154.7	2232.578518	2232.578518	1814.940752
125	157.2	2252.579033	2252.579033	1820.088477
126	159.7	2261.164708	2261.164708	1825.236202
127	162.2	2269.771434	2269.771434	1830.383927
128	164.8	2278.399255	2278.399255	1835.531652
129	167.4	2287.048214	2287.048214	1840.679377
130	170	2295.718356	2295.718356	1845.827102
131	172.6	2304.409727	2304.409727	1850.974826
132	175.2	2313.122368	2313.122368	1856.122551
133	177.8	2321.856331	2321.856331	1861.270276
134	180.5	2330.611655	2330.611655	1866.418001
135	183.2	2339.388382	2339.388382	1871.565726
136	185.9	2348.186559	2348.186559	1876.713451
137	188.6	2357.006235	2357.006235	1881.861176
138	191.4	2365.847447	2365.847447	1887.008901
139	194.2	2374.710241	2374.710241	1892.156626
140	197	2383.594668	2383.594668	1897.304351
141	199.8	2392.500763	2392.500763	1902.452076
142	202.6	2401.428579	2401.428579	1907.599801
143	205.4	2410.378155	2410.378155	1912.747526
144	208.3	2419.349533	2419.349533	1917.89525
145	211.2	2428.342759	2428.342759	1923.042975
146	214.1	2437.357883	2437.357883	1928.1907
147	217	2446.394947	2446.394947	1933.338425
148	220	2455.453992	2455.453992	1938.48615
149	223	2464.535064	2464.535064	1943.633875
150	226	2473.638208	2473.638208	1948.7816
151	229	2482.763466	2482.763466	1953.929325
152	232	2491.910884	2491.910884	1959.07705
153	235	2501.080507	2501.080507	1964.224775
154	238.1	2510.272377	2510.272377	1969.3725
155	241.2	2519.486545	2519.486545	1974.520225
156	244.3	2528.723051	2528.723051	1979.66795
157	247.4	2537.981936	2537.981936	1984.815674
158	250.6	2547.263248	2547.263248	1989.963399
159	253.8	2556.567031	2556.567031	1995.111124
160	257	2565.893331	2565.893331	2000.258849
161	260.2	2575.24219	2575.24219	2005.406574
162	263.4	2584.613653	2584.613653	2010.554299
163	266.6	2594.007767	2594.007767	2015.702024
164	269.9	2603.424572	2603.424572	2020.849749
165	273.2	2612.864115	2612.864115	2025.997474
166	276.5	2622.326437	2622.326437	2031.145199
167	279.8	2631.811588	2631.811588	2036.292924
168	283.2	2641.319605	2641.319605	2041.440649
169	286.6	2650.850538	2650.850538	2046.588374
170	290	2660.404429	2660.404429	2051.736098
171	293.4	2669.981324	2669.981324	2056.883823
172	296.8	2679.581268	2679.581268	2062.031548
173	300.2	2689.204303	2689.204303	2067.179273
174	303.7	2698.850478	2698.850478	2072.326998
175	307.2	2708.519832	2708.519832	2077.474723
176	310.7	2718.212414	2718.212414	2082.622448
177	314.2	2727.928266	2727.928266	2087.770173
178	317.8	2737.667429	2737.667429	2092.917898
179	321.4	2747.429957	2747.429957	2098.065623
180	325	2757.215888	2757.215888	2103.213348
181	328.6	2767.025263	2767.025263	2108.361073
182	332.2	2776.858133	2776.858133	2113.508798
183	335.8	2786.714538	2786.714538	2118.656522
184	339.5	2796.594525	2796.594525	2123.804247
185	343.2	2806.498135	2806.498135	2128.951972
186	346.9	2816.425418	2816.425418	2134.099697
187	350.6	2826.376411	2826.376411	2139.247422
188	354.4	2836.351165	2836.351165	2144.395147
189	358.2	2846.34972	2846.34972	2149.542872
190	362	2856.372124	2856.372124	2154.690597
191	365.8	2866.418416	2866.418416	2159.838322
192	369.6	2876.488648	2876.488648	2164.986047
193	373.4	2886.58286	2886.58286	2170.133772
194	377.3	2896.701095	2896.701095	2175.281497
195	381.2	2906.843403	2906.843403	2180.429222
196	385.1	2916.88902	2916.88902	2185.576946
197	389	2927.079372	2927.079372	2190.724671
198	393	2937.293961	2937.293961	2195.872396
199	397	2947.532738	2947.532738	2201.020121
200	401	2957.795853	2957.795853	2206.167846
