ID	类型	重量	排序权重	物件ID	可丢弃	使用等级	全局产出上限	数值用类型	材料类型	冷却时间	冷却组	堆叠上限	最大使用数量	获得即使用	禁止提示第一次获得	目标	[使用]1操作	[使用]1参数1	[使用]1参数2	[使用]1参数3	[使用]1参数4	[使用]1参数5	[使用]2操作	[使用]2参数1	[使用]2参数2	阶数	自动进包	是否分开掉落	饱食度参数	摧毁规则	摧毁返还道具	摧毁返还数量	组ID
101	1		12					角色经验							1											3							
102	1		13					冒险阅历							1											3							
103	2		10												1											3							
104	2		20												1											4							
105	1		11					好感经验							1											3							
106	1		10					体力							1											3							
107	1		10												1											4							
108	1																									4	1						
109	1																									3	1						
110	1																									4	1						
111	1																									3	1						
112	1																									3	1						
113	1																									4	1						
114	1			70590029					23																	3	1						
115	1																									3	1						
116	1																									3							
117	1																									3							
118	1																									3							
119	1																									3							
120	1																									3							
201	1		30	70590012				原石	8						1											5	1						
202	1		10	70590011				摩拉	8						1											3							
203	1		30					礼包币							1											5	1						
210	2		10						5			8														2							
211	2		10						5			3														3							
221	2		401	70900001				扭蛋兑换券	5			1000000														5							
222	2		402	70900001				扭蛋兑换券	5			1000000														4							
223	2		403	70900001				扭蛋券	5			1000000														5							
224	2		404	70900001				扭蛋券	5			1000000														5							
301	2		405	70590016				七国徽印	5			9999														3	1						
302	2		405	70590017				七国徽印	5			9999														3	1						
303	2		405	70590019				七国徽印	5			9999														3	1						
304	2		405	70590020				七国徽印	5			9999														3	1						
305	2		405	70590014				七国徽印	5			9999														3	1						
306	2		405	70590018				七国徽印	5			9999														3	1						
307	2		405	70590015				七国徽印	5			9999														3	1						
315	1																									3							
317	1																									3							
911	2		10					命之座	20			1000														5							
912	2		10					命之座	20			1000														5							
913	2		10					命之座	20			1000														5							
914	2		10					命之座	20			1000														5							
915	2		10					命之座	20			1000														5							
916	2		10					命之座	20			1000														5							
917	2		10					命之座	20			1000														5							
1002	2							角色	7			1000	99	1			3	10000002								5							
1003	2							角色	7			1000	99	1			3	10000003								5							
1005	2							角色	7			1000	99	1			3	10000005								5							
1006	2							角色	7			1000	99	1			3	10000006								4							
1007	2							角色	7			1000	99	1			3	10000007								5							
1014	2							角色	7			1000	99	1			3	10000014								4							
1015	2							角色	7			1000	99	1			3	10000015								4							
1016	2							角色	7			1000	99	1			3	10000016								5							
1020	2							角色	7			1000	99	1			3	10000020								4							
1021	2							角色	7			1000	99	1			3	10000021								4							
1022	2							角色	7			1000	99	1			3	10000022								5							
1023	2							角色	7			1000	99	1			3	10000023								4							
1024	2							角色	7			1000	99	1			3	10000024								4							
1025	2							角色	7			1000	99	1			3	10000025								4							
1026	2							角色	7			1000	99	1			3	10000026								5							
1027	2							角色	7			1000	99	1			3	10000027								4							
1029	2							角色	7			1000	99	1			3	10000029								5							
1030	2							角色	7			1000	99	1			3	10000030								5							
1031	2							角色	7			1000	99	1			3	10000031								4							
1032	2							角色	7			1000	99	1			3	10000032								4							
1033	2							角色	7			1000	99	1			3	10000033								5							
1034	2							角色	7			1000	99	1			3	10000034								4							
1035	2							角色	7			1000	99	1			3	10000035								5							
1036	2							角色	7			1000	99	1			3	10000036								4							
1037	2							角色	7			1000	99	1			3	10000037								5							
1038	2							角色	7			1000	99	1			3	10000038								5							
1039	2							角色	7			1000	99	1			3	10000039								4							
1041	2							角色	7			1000	99	1			3	10000041								5							
1042	2							角色	7			1000	99	1			3	10000042								5							
1043	2							角色	7			1000	99	1			3	10000043								4							
1044	2							角色	7			1000	99	1			3	10000044								4							
1045	2							角色	7			1000	99	1			3	10000045								4							
1046	2							角色	7			1000	99	1			3	10000046								5							
1102	2		30					命之座	20			1000														5							
1103	2		30					命之座	20			1000														5							
1105	2		20					命之座	20			1000														5							
1106	2		20					命之座	20			1000														4							
1107	2		20					命之座	20			1000														5							
1114	2		20					命之座	20			1000														4							
1115	2		20					命之座	20			1000														4							
1116	2		30					命之座	20			1000														5							
1120	2		20					命之座	20			1000														4							
1121	2		20					命之座	20			1000														4							
1122	2		30					命之座	20			1000														5							
1123	2		20					命之座	20			1000														4							
1124	2		20					命之座	20			1000														4							
1125	2		20					命之座	20			1000														4							
1126	2		30					命之座	20			1000														5							
1127	2		20					命之座	20			1000														4							
1129	2		30					命之座	20			1000														5							
1130	2		30					命之座	20			1000														5							
1131	2		20					命之座	20			1000														4							
1132	2		20					命之座	20			1000														4							
1133	2		30					命之座	20			1000														5							
1134	2		20					命之座	20			1000														4							
1135	2		30					命之座	20			1000														5							
1136	2		20					命之座	20			1000														4							
1137	2		30					命之座	20			1000														5							
1138	2		30					命之座	20			1000														5							
1139	2		30					命之座	20			1000														4							
1141	2		30					命之座	20			1000														5							
1142	2		30					命之座	20			1000														5							
1143	2		20					命之座	20			1000														4							
1144	2		20					命之座	20			1000														4							
1145	2		20					命之座	20			1000														4							
1146	2		30					命之座	20			1000														5							
1201	2		30					战令	5			1000	1				30									5							
1202	2		30					月卡	5			1000	1				31									5							
2001	2			70610009				能量球	8			1000	99	1		2	11	1	9	3													
2002	2			70610010				能量球	8			1000	99	1		2	11	2	9	3													
2003	2			70610011				能量球	8			1000	99	1		2	11	3	9	3													
2004	2			70610012				能量球	8			1000	99	1		2	11	4	9	3													
2005	2			70610013				能量球	8			1000	99	1		2	11	7	9	3													
2006	2			70610014				能量球	8			1000	99	1		2	11	5	9	3													
2007	2			70610015				能量球	8			1000	99	1		2	11	8	9	3													
2008	2			70610016				能量球	8			1000	99	1		2	12	6															
2017	2			70610001				能量球	8			1000	99	1		2	11	1	3	1													
2018	2			70610002				能量球	8			1000	99	1		2	11	2	3	1													
2019	2			70610003				能量球	8			1000	99	1		2	11	3	3	1													
2020	2			70610004				能量球	8			1000	99	1		2	11	4	3	1													
2021	2			70610005				能量球	8			1000	99	1		2	11	7	3	1													
2022	2			70610006				能量球	8			1000	99	1		2	11	5	3	1													
2023	2			70610007				能量球	8			1000	99	1		2	11	8	3	1													
2024	2			70610008				能量球	8			1000	99	1		2	12	2															
2025	2			70610008					8			1000	99	1		2	12	20															
2026	2			70610008					8			1000	99	1			13	1	20														
2027	2			70610008					8			1000	99	1			13	1	15														
2028	2			70610017				能量球	8			1000	99	1		2	12	100															
2029	2			70610017				能量球	8			1000	99	1		2	12	100															
3001	2					5			12			1000	99																				
3002	2					10			12			1000	99																				
3003	2								12			1000	99																				
3004	2							角色	7			1000	99	1			3	10000002	15	0						5							
3005	2							角色	7			1000	99	1			3	10000023	15	0						4							
3006	2							角色	7			1000	99	1			3	10000003	15	0						5							
3007	2							角色	7			1000	99	1			3	10000016	15	0						5							
3008	2							角色	7			1000	99	1			3	10000022	15	0						5							
3018	2							角色	7			1000	99	1			3	10000014	15	0						4							
3019	2							角色	7			1000	99	1			3	10000020	15	0						4							
3009	2							角色	12			1000	99	1												5							
3010	2							角色	12			1000	99	1												4							
3011	2							角色	12			1000	99	1												5							
3012	2							角色	12			1000	99	1												5							
3013	2							角色	12			1000	99	1												5							
3014	2							角色	12			1000	99	1												4							
3015	2							角色	12			1000	99	1												4							
3016	2							角色	12			1000	99	1												4							
3017	2							角色	12			1000	99	1												4							
3020	2							角色	12			1000	99	1												4							
3021	2							角色	7			1000	99	1			3	10000015	5	0						4							
3022	2							角色	7			1000	99	1			3	10000006	5	0						4							
100001	2	1	201	70540003				采集物	15			9999	99			4	10	300	Eff_UI_AvatarIcon_Recovery_Once									1	5,15000	1			
100002	2	1	201	70540021				采集物	15			9999	99			4	10	300	Eff_UI_AvatarIcon_Recovery_Once									1	5,15000	1			
100011	2	1	305	70520004				采集物	4			9999																1		1			
100012	2	1	305	70520005				采集物	4			9999																1		1			
100013	2	1	305	70520014				采集物	4			9999																1		1			
100014	2	1	305	70520015				采集物	4			9999																1		1			
100015	2	1	305	70520008				采集物	4			9999																1		1			
100016	2	1	305	70520009				采集物	4			9999																1		1			
100017	2	1	305	70590010				采集物	4			9999																1		1			
100018	2	1	305	70520011				采集物	4			9999																1		1			
100019	2	1	305	70520012				采集物	4			9999																1		1			
100020	2	1	305	70540005				采集物	4			9999																1		1			
100021	2	1	307	70540013				采集物	4			9999																1		1			
100022	2	1	307	70540011				采集物	4			9999																1		1			
100023	2	1	307	70540018				采集物	4			9999																1		1			
100024	2	1	307	70540019				采集物	4			9999																1		1			
100025	2	1	307	70540020				采集物	4			9999																1		1			
100026	2	1	307	70540014				采集物	4			9999																1		1			
100027	2	1	307	70540008				采集物	4			9999																1		1			
100028	2	1	307	70540017				采集物	4			9999																1		0			
100029	2	1	307	70540015				采集物	4			9999																1		1			
100030	2	1	307	70540012				采集物	4			9999																1		1			
100031	2	1	307					采集物	4			9999																1		0			
100032	2	1	304					采集物	4			9999																1		0			
100033	2	1	307					采集物	4			9999																1		0			
100034	2	1	307					采集物	4			9999																1		0			
100051	2	1	305	70540001				采集物	4			9999																1		1			
100052	2	1	304	70540002				采集物	4			9999																1		1			
100053	2	1	304	70540006				采集物	4			9999																1		1			
100054	2	1	304	70540007				采集物	4			9999																1		1			
100055	2	1	307	70510004				采集物	4			9999																1		1			
100056	2	1	305	70590013				采集物	4			9999																1		1			
100057	2	1	307	70510009				采集物	4			9999																1		0			
100058	2	1	307	70510012				采集物	4			9999																1		0			
100061	2	1	305	70520016				采集物	4			9999																1		1			
100062	2	1	305	70540004				采集物	4			9999																1		1			
100063	2	1	305	70520013				采集物	4			9999																1		1			
100064	2	1	305	70520017				采集物	4			9999																1		1			
100072	2	1	304	70590006				采集物	4			9999																1		0			
100073	2	1	305	70540003				采集物	4			9999																1		0			
100074	2	1	305	70540003				食材加工物	4			9999																1		0			
100075	2	1	305					采集物	4			9999																1		0			
100076	2	1	305					采集物	4			9999																1		0			
100077	2	1	305					采集物	4			9999																1		0			
100078	2	1	305					采集物	4			9999																1		0			
100079	2	1	305	70590022				采集物	4			9999																1		1			
100080	2	1	305	70590023				采集物	4			9999																1		1			
100081	2	1	304					采集物	4			9999																1		0			
100082	2	1	304					采集物	4			9999																1		0			
100083	2	1	304					采集物	4			9999																1		0			
100084	2	1	305	70560005				采集物	4			9999																1		1			
100085	2	1	304					采集物	4			9999																1		0			
100086	2	1	305	70560001				采集物	4			9999																1		1			
100087	2	1	305	70590009				采集物	4			9999																1		1			
100088	2	1	305					采集物	4			9999																1		0			
100089	2	1	305					采集物	4			9999																1		0			
100090	2	1	304					采集物	4			9999																1		0			
100091	2	1	305					采集物	4			9999																1		0			
100092	2	1	305					采集物	4			9999																1		0			
100093	2	1	305					采集物	4			9999																1		0			
100094	2	1	305	70560006				采集物	4			9999																1		1			
101001	2	1	300	70560002				采集物	4			9999																1		1			
101002	2	1	301	70560003				采集物	4			9999																1		1			
101003	2	1	302	70560004				采集物	4			9999																1		1			
101004	2	1	302	70540030				采集物	4			9999																1		1			
101005	2		302	70590026				采集物	5			9999		1		2	15	500101	25									1		1			
101006	2	1	302	70590028				采集物	4			9999																1		1			
101007	2		302	70590032				采集物	5			9999		1		2	15	500102	25									1		1			
101101	2	1	303	70600054				武器图纸	4			1000														4				0			
101102	2	1	303	70600054				武器图纸	4			1000														4				0			
101103	2	1	303	70600054				武器图纸	4			1000														4				0			
101104	2	1	303	70600054				武器图纸	4			1000														4				0			
101105	2	1	303	70600054				武器图纸	4			1000														4				0			
101106	2							虚拟武器																		4				0			
101107	2							虚拟武器																		4				0			
101108	2							虚拟武器																		4				0			
101109	2							虚拟武器																		4				0			
101110	2							虚拟武器																		4				0			
100003	2	1	10	70300001				任务道具	2			1000	1				1	2002												0			
100004	2	1	10	70300001				任务道具	2			1000																		0			
100006	2	1	10	70300001				任务道具	2			1000																		0			
100007	2	1	10	70300001				任务道具	2			1000																		0			
100008	2	1	10	70300001				任务道具	2			1000																		0			
100009	2	1	10	70300001				任务道具	2			1000																		0			
100010	2	1	10	70300001				任务道具	2			1000																		0			
100101	2	1	10	70300009				任务道具	2			1000																		0			
100102	2	1	10	70300010				任务道具	2			1000																		0			
100103	2	1	10	70300008				任务道具	2			1000																		0			
100104	2	1	10	70300008				任务道具	2			1000																		0			
100105	2	1	10	70300011				任务道具	2			1000																		0			
100106	2	1	10	70300010				任务道具	2			1000																		0			
100107	2	1	10	70300007				任务道具	2			1000	1	1		2	10	-100												0			
100108	2	1	10	70300012				任务道具	2			1000																		0			
100109	2	1	10	70300012				任务道具	2			1000	1	1		2	10	100												0			
100110	2	1	10	70300006				任务道具	2			1																		0			
100111	2	1	10	70300006				任务道具	2			1																		0			
100112	2	1	10	70300006				任务道具	2			1																		0			
100113	2	1	10	70300001				任务道具	2			1000	1	1		2	10	0												0			
100114	2	1	10	70300012				任务道具	2			1000																		0			
100115	2	1	10	70300001				任务道具	2			1000																		0			
100120	2	1	10	70300020				任务道具	2			1000																		0			
100121	2	1	10	70300020				任务道具	9			1000														1				0			
100122	2	1	10	70300020				任务道具	9			1000														3				0			
100123	2	1	10	70300020				任务道具	9			1000														4				0			
100124	2	1	10	70300020				任务道具	9			1000														5				0			
100125	2	1	10	70220010				任务道具	2			1000																		0			
100126	2	1	10	70220011				任务道具	2			1000																		0			
100131	2	1	10	70300009				任务道具	2			1000																		0			
100132	2	1	10	70300009				任务道具	2			1000																		0			
100133	2	1	10	70300009				任务道具	2			1000																		0			
100134	2	1	10	70300009				任务道具	2			1000																		0			
100135	2	1	10	70300038				任务道具	2			1000			1															0			
100136	2	1	10	70900003				任务道具	2			1000	1	1		2	10	0												0			
100137	2	1	10	70900003				任务道具	2			1000	1	1		2	10	0												0			
100138	2	1	10	70900003				任务道具	2			1000	1	1		2	10	0												0			
100139	2	1	10	70900003				任务道具	2			1000	1	1		2	10	0												0			
100140	2	1	10	70900003				任务道具	2			1000	1	1		2	10	0												0			
100141	2	1	10	70900003				任务道具	2			1000	1	1		2	10	0												0			
100142	2	1	10	70900003				任务道具	2			1000	1	1		2	10	0												0			
100143	2	1	10	70900003				任务道具	2			1000	1	1		2	10	0												0			
100144	2	1	10	70900003				任务道具	2			1000	1	1		2	10	0												0			
100145	2	1	10	70800001				任务道具	2			1000	1			2	10	0												0			
100146	2	1	10	70800001				任务道具	2			1000	1			2	10	0												0			
100147	2	1	10	70800001				任务道具	2			1000	1			2	10	0												0			
100148	2	1	10	36				任务道具	2			1000	1	1		2	10	0												0			
100149	2	1	10	70800001				任务道具	2			1000	1	1		2	10	0												0			
100151	2	1	10	70600064				任务道具	2			1000																		0			
100152	2	1	10	70800001				任务道具	2			1000	1			2		0												0			
100153	2	1	10	70800001				任务道具	2			1000	1			2		0												0			
100154	2	1	10	70800001				任务道具	2			1000	1			2		0												0			
100158	2	1	10	70300049				任务道具	2			1000															1			0			
100159	2	1	10	70300049				任务道具	2			1000															1			0			
100160	2	1	10	70300049				任务道具	2			1000															1			0			
100161	2	1	10	70300038				任务道具	2			1000																		0			
100162	2	1	10	70300038				任务道具	2			1000																		0			
100163	2	1	10	70300038				任务道具	2			1000																		0			
100164	2	1	10	70300042				任务道具	2			1000																		0			
100165	2	1	10	70300038				任务道具	2			1000																		0			
100171	2	1	10	70300043				任务道具	2			1																		0			
100172	2	1	10	70300044				任务道具	2			1															1			0			
100173	2	1	10	70300045				任务道具	2			1															1			0			
100174	2	1	10	70300050				任务道具	2			1000		1	1	2	10	0												0			
100175	2	1	10	70300002				任务道具	2			1000															1			0			
100176	2	1	10	70300001				任务道具	2			1000															1			0			
100177	2	1	10	70300052				任务道具	2			1000		1	1	2	10	0												0			
100178	2	1	10	70310011				任务道具	2			5		1			34	50001001								4				0			3
100179	2	1	10	70310012				任务道具	2			5		1			34	50001002								4				0			3
100180	2	1	10	70310013				任务道具	2			5		1			34	50001003								4				0			3
100181	2	1	10	70310014				任务道具	2			5																		0			
100182	2	1	10	70310015				任务道具	2			5		1			34	50002001								3				0			24
100183	2	1	10	70310016				任务道具	2			5		1			34	50002002								3				0			24
100184	2	1	10	71700001				任务道具	2			1																		0			
100185	2	1	10	71700008				任务道具	2			1																		0			
100186	2	1	10	70300050				任务道具	2			1000		1	1	2	10	0												0			
100187	2	1	10	70300050				任务道具	2			1000		1	1	2	10	0												0			
100188	2	1	10	71700009				任务道具	2			5		1			34	50003001								4				0			1
100189	2	1	10	71700010				任务道具	2			5		1			34	50003002								4				0			1
100190	2	1	10	71700011				任务道具	2			5		1			34	50003003								4				0			1
100191	2	1	10	71700012				任务道具	2			5		1			34	50003005								4				0			1
100192	2	1	10	71700013				任务道具	2			5		1			34	50003006								4				0			1
100193	2	1	10	71700014				任务道具	2			5		1			34	50003007								4				0			1
100194	2	1	10	71700015				任务道具	2			5		1			34	50003010								4				0			1
100195	2	1	10	71700016				任务道具	2			5		1			34	50003011								4				0			1
100196	2	1	10	71700017				任务道具	2			5		1			34	50004001								3				0			2
100197	2	1	10	71700018				任务道具	2			5		1			34	50004002								3				0			2
100198	2	1	10	71700019				任务道具	2			5		1			34	50001005								4				0			3
100199	2	1	10	71700020				任务道具	2			5		1			34	50001009								4				0			3
100200	2	1	10	71700021				任务道具	2			5		1			34	50001010								4				0			3
100201	2	1	10	71700022				任务道具	2			5		1			34	50028001								3				0			1027
100202	2	1	10	71700023				任务道具	2			5		1			34	50005001								4				0			4
100203	2	1	10	71700024				任务道具	2			5		1			34	50005002								4				0			4
100204	2	1	10	71700025				任务道具	2			5		1			34	50005003								4				0			4
100205	2	1	10	71700026				任务道具	2			5		1			34	50005004								4				0			4
100206	2	1	10	71700027				任务道具	2			5		1			34	50005005								4				0			4
100207	2	1	10	71700028				任务道具	2			5		1			34	50005007								4				0			4
100208	2	1	10	71700029				任务道具	2			5		1			34	50006001								2				0			5
100236	2	1	10	71700045				任务道具	2			1																		0			
100210	2	1	10	70300065				任务道具	2			1000																		0			
100211	2	1	10	70300065				任务道具	2			1000																		0			
100212	2	1	10	70300065				任务道具	2			1000																		0			
100213	2	1	10	71700030				任务道具	2			5		1			34	50028002								3				0			1027
100214	2	1	10	70300066				任务道具	2			1																		0			
100215	2	1	10	71700031				任务道具	2			5		1			34	50022001								4	1			0			21
100216	2	1	10	71700032				任务道具	2			5		1			34	50022002								4				0			21
100217	2	1	10	71700033				任务道具	2			5		1			34	50022003								4				0			21
100218	2	1	10	71700034				任务道具	2			5		1			34	50022004								4				0			21
100219	2	1	10	71700035				任务道具	2			5		1			34	50022005								4				0			21
100220	2	1	10	71700036				任务道具	2			5		1			34	50022006								4				0			21
100221	2	1	10	71700037				任务道具	2			5		1			34	50022007								4				0			21
100222	2	1	10	71700038				任务道具	2			5																		0			
100223	2	1	10	71700039				任务道具	2			5		1			34	50029001												0			1028
100224	2	1	10	71700040				任务道具	2			1																		0			
100225	2	1	10	70300080				任务道具	5			100	1				24	70300080												0			
100226	2	1	10	71700042				任务道具	2			5		1			34	50007001								3				0			1006
100227	2	1	10	71700043				任务道具	2			5		1			34	50007002								3				0			1006
100228	2	1	10	71700044				任务道具	2			5		1			34	50007003								3				0			1006
100229	2	1	10	71700048				任务道具	2			1		1			34	50008005								3				0			1007
100230	2	1	10	71700049				任务道具	2			5		1			34	50008001								3				0			1007
100239	2	1	10	71700050				任务道具	2			5		1			34	50008002								3				0			1007
100240	2	1	10	71700051				任务道具	2			5		1			34	50008003								3				0			1007
100241	2	1	10	71700052				任务道具	2			5		1			34	50008004								3				0			1007
100231	2	1	10	71700047				任务道具	2			1																		0			
100232	2	1	10	71700048				任务道具	2			1																		0			
100245	2	1	10	71700048				任务道具	2			1																		0			
100233	2	1	5	70710011				任务道具	2			999																1		0			
100234	2	1	5	70710012				任务道具	2			999																1		0			
100235	2	1	5	70710013				任务道具	2			999																1		0			
100237	2	1	10	70300009				任务道具	2			1															1			0			
100238	2	1	10	70300009				任务道具	2			1															1			0			
100242	2	1	10	71700073				任务道具	2			1															1			0			
100243	2	1	10					任务道具	2			1																		0			
100244	2	0	6					任务道具	2			2000	1													2				0			
100301	2	1	10	70300002				任务道具	2			1															1			0			
100302	2	1	10	70300001				任务道具	2			1															1			0			
100303	2	1	10	70300009				任务道具	2			1000																		0			
100304	2	1	10	70300009				任务道具	2			1000																		0			
100305	2	0	6					任务道具	2			2000	1			2	15	220303	900				0			3				0			
100306	2	1	10	70210102				任务道具	2			1000															1			0			
100307	2	1	10	70210102				任务道具	2			1000																		0			
100308	2	1	10	70210102				任务道具	2			1000																		0			
100309	2	1	10	70300009				任务道具	2			1000																		0			
100310	2	1	10	70300009				任务道具	2			1000																		0			
100311	2	1	10	70300009				任务道具	2			1000																		0			
100312	2	0	6					任务道具	2			2000	1			2	15	110203	300				0			2				0			
100313	2	0	6					任务道具	2			2000	1			2	15	120303	300				0			3				0			
100314	2	1	10					任务道具	2			1000																		0			
100315	2	1	5					任务道具	2			1000																1		0			
100316	2	1	10	70710015				任务道具	2			1																		0			
100317	2	1	10	70710015				任务道具	2			1																		0			
100318	2	1	10	70710015				任务道具	2			1																		0			
100319	2	1	10	70710015				任务道具	2			1																		0			
100320	2	1	10	70710015				任务道具	2			1																		0			
100321	2	1	10	70710015				任务道具	2			1																		0			
100322	2	1	10	70710015				任务道具	2			1																		0			
100323	2	1	10	70710015				任务道具	2			1																		0			
100324	2	1	10	70710015				任务道具	2			1																		0			
100325	2	1	10	70710015				任务道具	2			1																		0			
100326	2	1	10	70710015				任务道具	2			1																		0			
100327	2	1	10	70710015				任务道具	2			1																		0			
100328	2	1	10	70710015				任务道具	2			1																		0			
100329	2	1	10	70710015				任务道具	2			1																		0			
100330	2	1	10	70710015				任务道具	2			1																		0			
100331	2	1	10	70710015				任务道具	2			1																		0			
100332	2	1	10	70710015				任务道具	2			1																		0			
100333	2	1	10	70710015				任务道具	2			1																		0			
100334	2	1	10	70710015				任务道具	2			1																		0			
100335	2	1	10	70710015				任务道具	2			1																		0			
100336	2	1	10	70710015				任务道具	2			1																		0			
100337	2	1	10	70710015				任务道具	2			1																		0			
100338	2	1	10	70710015				任务道具	2			1																		0			
100339	2	1	10	70710015				任务道具	2			1																		0			
100340	2	1	10	70710015				任务道具	2			1																		0			
100341	2	1	10	70710015				任务道具	2			1																		0			
100342	2	1	10	70710015				任务道具	2			1																		0			
100343	2	1	10	70710015				任务道具	2			1																		0			
100344	2	1	10	70710015				任务道具	2			1																		0			
100345	2	1	10	70710015				任务道具	2			1																		0			
100346	2	1	10	70710015				任务道具	2			1																		0			
100347	2	1	10	70710015				任务道具	2			1																		0			
100348	2	1	10					任务道具	2			1																		0			
100349	2	1	10	70710020				任务道具	2			100																		0			
100351	2	1	10					任务道具	2			1																		0			
100352	2	1	10	70600021				任务道具	2			1																		0			
100353	2	1	10	70600052				任务道具	2			1000															1			0			
100354	2	1	10	70600021				任务道具	2			1																		0			
100355	2	1	5					任务道具	2			1																1		0			
100350	2	1	10	71700046				任务道具	2			1																		0			
100356	2	1	10	70600021				任务道具	2			1																		0			
100357	2	1	10					任务道具	2			1																		0			
100358	2	1	10					任务道具	2			1																		0			
100359	2	1	10					任务道具	2			1																		0			
100360	2	1	10					任务道具	2			1																		0			
100361	2	1	10					任务道具	2			5		1			34	50029002												0			1028
100362	2	1	10					任务道具	2			1																		0			
100363	2	1	10					任务道具	2			1																		0			
100364	2	1	10					任务道具	2			5		1			34	50012006								4				0			1011
100365	2	1	10	70210102				任务道具	2			1000																		0			
100366	2	1	10					任务道具	2			5														2				0			1020
100367	2	1	10					任务道具	2			5														2				0			1020
100368	2	1	10					任务道具	2			5														2				0			1020
100369	2	1	10					任务道具	2			5														2				0			1020
100370	2	1	10					任务道具	2			5																		0			
100371	2	1	10					任务道具	2			5																		0			
100372	2	1	10					任务道具	2			5																		0			
100373	2	1	10					任务道具	2			5																		0			
100374	2	1	10					任务道具	2			5																		0			
100375	2	1	10					任务道具	2			1																		0			
100376	2	1	10					任务道具	2			1																		0			
100377	2	1	10					任务道具	2			1																		0			
100378	2	1	10					任务道具	2			1																		0			
100379	2	1	10					任务道具	2			1																		0			
100380	2	1	10					任务道具	2			1																		0			
100381	2	1	10					任务道具	2			1																		0			
100382	2	1	10					任务道具	2			1																		0			
100383	2	1	10					任务道具	2			1																		0			
100384	2	1	10					任务道具	2			1																		0			
100385	2	1	10					任务道具	2			1																		0			
100386	2	1	10					任务道具	2			1																		0			
100387	2	1	10					任务道具	2			1																		0			
100388	2	1	10	71700054				任务道具	2			5		1			34	50007004								3				0			1006
100389	2	1	10	71700055				任务道具	2			5		1			34	50007005								3				0			1006
100390	2	1	10	71700056				任务道具	2			5		1			34	50007006								3				0			1006
100391	2	1	10	71700057				任务道具	2			5		1			34	50007007								3				0			1006
100392	2	1	10					任务道具	2			1																		0			
100393	2	1	10					任务道具	2			1																		0			
100394	2	1	10					任务道具	2			1																		0			
100395	2	1	10					任务道具	2			1																		0			
100396	2	1	10					任务道具	2			1																		0			
100397	2	1	10					任务道具	2			1																		0			
100398	2	1	10	70600021				任务道具	2			1																		0			
100399	2	1	10	71700058				任务道具	2			5		1			34	50009001								3				0			1008
100400	2	1	10	71700059				任务道具	2			5		1			34	50009002								3				0			1008
100401	2	1	10	71700060				任务道具	2			5																		0			
100402	2	1	10	71700061				任务道具	2			5		1			34	50027001								3				0			1026
100403	2	1	10	71700062				任务道具	2			5		1			34	50025001								3				0			1024
100404	2	1	10	71700063				任务道具	2			5																		0			
100405	2	1	10	71700064				任务道具	2			5																		0			
100406	2	1	10	71700065				任务道具	2			5		1			34	50010001								3				0			1009
100407	2	1	10	71700066				任务道具	2			5		1			34	50010002								3				0			1009
100408	2	1	10	71700067				任务道具	2			5		1			34	50010004								3				0			1009
100409	2	1	10	71700068				任务道具	2			5																		0			
100410	2	1	10	71700069				任务道具	2			5																		0			
100411	2	1	10	71700070				任务道具	2			5		1			34	50011001								3				0			1010
100412	2	1	10	71700071				任务道具	2			5		1			34	50011002								3				0			1010
100413	2	1	10	71700072				任务道具	2			1																		0			
100414	2	1	10					任务道具	2			1																		0			
100415	2	1	10					任务道具	2			1																		0			
100416	2	1	10					任务道具	2			1																		0			
100417	2	1	10					任务道具	2			1																		0			
100418	2	1	10					任务道具	2			1																		0			
100419	2	1	10					任务道具	2			1																		0			
100420	2	1	10					任务道具	2			1																		0			
100421	2	1	10					任务道具	2			1																		0			
100422	2	1	10					任务道具	2			1																		0			
100423	2	1	10					任务道具	2			1																		0			
100424	2	1	10					任务道具	2			1																		0			
100425	2	1	10					任务道具	2			1																		0			
100426	2	1	10	71700074				任务道具	2			1																		0			
100427	2	1	10	70710057				任务道具	2			1																		0			
100428	2	1	10	71700074				任务道具	2			1																		0			
100429	2	1	10	70210102				任务道具	2			1															1			0			
100430	2	1	10	71700074				任务道具	2			5																		0			
100431	2	1	10	71700077				任务道具	2			1																		0			
100432	2	1	10	71700078				任务道具	2			5		1			34	50012001								4				0			1011
100433	2	1	10	71700079				任务道具	2			5		1			34	50012002								4				0			1011
100434	2	1	10	71700080				任务道具	2			5		1			34	50012003								4				0			1011
100435	2	1	10	71700081				任务道具	2			5		1			34	50012004								4				0			1011
100436	2	1	10	71700082				任务道具	2			5		1			34	50012005								4				0			1011
100437	2	1	10	71700084				任务道具	2			5		1			34	50013001								4				0			1012
100438	2	1	10	71700085				任务道具	2			5		1			34	50013002								4				0			1012
100439	2	1	10	71700086				任务道具	2			5		1			34	50013003								4				0			1012
100440	2	1	10	71700087				任务道具	2			5		1			34	50013004								4				0			1012
100441	2	1	10	71700088				任务道具	2			5		1			34	50007008								3				0			1006
100442	2	1	10	71700089				任务道具	2			5														2				0			1013
100443	2	1	10	71700090				任务道具	2			5														2				0			1013
100444	2	1	10	71700091				任务道具	2			5														2				0			1013
100445	2	1	10	71700092				任务道具	2			5														2				0			1013
100450	2	1	10	70710063				任务道具	2			1																		0			
100451	2	1	10	70710064				任务道具	2			7																		0			
100452	2	1	10	70600021				任务道具	2			1																		0			
100453	2	0	201		0			任务道具	2	0	0	2000														3	1			0			
100454	2	1	10	70210102				任务道具	2			1															1			0			
100455	2	1	10	70210102				任务道具	2			1															1			0			
100456	2	1	10	70210102				任务道具	2			1															1			0			
100457	2	0	10					任务道具	2			1															1			0			
100458	2	0	10					任务道具	2			1															1			0			
100459	2	0	10					任务道具	2			1															1			0			
100460	2	1	10	70710071				任务道具	2			1															1			0			
100461	2	1	10	70710072				任务道具	2			1															1			0			
100462	2	1	10	70710073				任务道具	2			1															1			0			
100463	2	1	10	70710074				任务道具	2			1															1			0			
100464	2	1	10	70710075				任务道具	2			1															1			0			
100465	2	1	10	70710076				任务道具	2			1															1			0			
100466	2	1	10	70710077				任务道具	2			1															1			0			
100467	2	0	10					任务道具	2			1															1			0			
100468	2	0	10	71700098				任务道具	2			1															1			0			
100469	2	1	10	70600021				任务道具	2			1																		0			
100470	2	1	10	70600021				任务道具	2			1																		0			
100471	2	1	10	70600021				任务道具	2			1																		0			
100472	2	1	10	70600021				任务道具	2			1																		0			
100473	2	1	10	70210102				任务道具	2			1															1			0			
100474	2	1	10	70210102				任务道具	2			1															1			0			
100475	2	1	10	70210102				任务道具	2			1															1			0			
100476	2	1	10					任务道具	2			1															1			0			
100477	2	1	10					任务道具	2			1															1			0			
100478	2	1	10					任务道具	2			1															1			0			
100479	2	1	10					任务道具	2			1															1			0			
100480	2	1	10	71700110				任务道具	2			5		1			34	50015001								3				0			1014
100481	2	1	10	71700111				任务道具	2			5		1			34	50015002								3				0			1014
100482	2	1	10	71700112				任务道具	2			5		1			34	50015003								3				0			1014
100483	2	1	10	71700113				任务道具	2			5		1			34	50015004								3				0			1014
100484	2	1	10	71700114			1	任务道具	2			5															1			0			
100485	2	1	10					任务道具	2			1																		0			
100486	2	1	10					任务道具	2			1																		0			
100487	2	1	10					任务道具	2			1																		0			
100488	2	1	10					任务道具	2			1																		0			
100489	2	1	10					任务道具	2			1																		0			
100490	2	1	10					任务道具	2			1																		0			
100491	2	1	10					任务道具	2			1																		0			
100492	2	1	10					任务道具	2			1																		0			
100493	2	1	10	70210102				任务道具	2			1															1			0			
100494	2	1	10	70210102				任务道具	2			1															1			0			
100495	2	1	10	70600021				任务道具	2			1																		0			
100496	2	0	10					任务道具	2			100000																		0			
100497	2	1	10					任务道具	2			1																		0			
100498	2	1	10					任务道具	2			1																		0			
100499	2	1	10					任务道具	2			1																		0			
100500	2	1	10	70210102				任务道具	2			1															1			0			
100501	2	1	10	71700099				任务道具	2			1																		0			
100502	2	1	10	71700102				任务道具	2			1																		0			
100503	2	1	10					任务道具	2			1																		0			
100504	2	1	10					任务道具	2			1																		0			
100505	2	1	10					任务道具	2			1																		0			
100506	2	1	10	70210102				任务道具	2			1															1			0			
100507	2	1	10	71700115				任务道具	2			5		1			34	50016001								2				0			1015
100508	2	1	10	71700116				任务道具	2			5		1			34	50016002								2				0			1015
100509	2	1	10	71700117				任务道具	2			5		1			34	50016003								2				0			1015
100510	2	1	10	70210102				任务道具	2			1															1			0			
100511	2	1	10	70210102				任务道具	2			1															1			0			
100512	2	1	10	70210102				任务道具	2			1															1			0			
100513	2	1	10	70600021				任务道具	2			1																		0			
100514	2	1	10	70600021				任务道具	2			1																		0			
100515	2	1	10					任务道具	2			1																		0			
100516	2	1	10					任务道具	2			1																		0			
100517	2	1	10					任务道具	2			1															1			0			
100518	2	1	10					任务道具	2			1															1			0			
100519	2	1	10					任务道具	2			1															1			0			
100520	2	1	10					任务道具	2			1																		0			
100521	2	1	10					任务道具	2			1																		0			
100522	2	1	10					任务道具	2			1																		0			
100523	2	1	10	71700102				任务道具	2			1																		0			
100524	2	1	10	70210102				任务道具	2			1000															1			0			
100525	2	1	10	70710112				任务道具	2			10																		0			
100526	2	1	10					任务道具	2			10																1		0			
100527	2	1	10					任务道具	2			10															1	1		0			
100528	2	0	10					任务道具	2			1															1			0			
100529	2	0	10					任务道具	2			1															1			0			
100530	2	0	10					任务道具	2			1															1			0			
100531	2	0	10					任务道具	2			1															1			0			
100532	2	0	10					任务道具	2			1															1			0			
100533	2	0	406		0			任务道具	2			9															1			0			
100534	2	0	10		0			任务道具	2			1															1			0			
100535	2	1	10					任务道具	2			1															1			0			
100536	2	1	10					任务道具	2			1															1			0			
100537	2	1	10	71700120				任务道具	2			1															1			0			
100538	2	1	10	71700121				任务道具	2			1															1			0			
100539	2	1	10	71700122				任务道具	2			1															1			0			
100540	2	1	10					任务道具	2			1															1			0			
100541	2	1	10					任务道具	2			999																		0			
100542	2	1	10					任务道具	2			1															1			0			
100543	2	1	10					任务道具	2			1															1			0			
100544	2	1	10					任务道具	2			1															1			0			
100545	2	1	10					任务道具	2			1																		0			
100546	2	1	10					任务道具	2			1																		0			
100547	2	1	10					任务道具	2			1																		0			
100548	2	1	10	70710141				任务道具	2			1																		0			
100549	2	1	305	70520005				任务道具	2			999																1		0			
100550	2	1	307	70540018				任务道具	2			999																1		0			
100551	2	1	307	70540019				任务道具	2			999																1		0			
100552	2	1	307	70510004				任务道具	2			999																1		0			
100553	2	1	10					任务道具	2			1															1			0			
100554	2	1	10					任务道具	2			999																		0			
100555	2	1	10					任务道具	2			100000																		0			
100556	2	1	201	70710152				任务道具	2			3																1		0			
100557	2	1	10					任务道具	2			1															1			0			
100558	2	1	10					任务道具	2			1															1			0			
100559	2	1	10					任务道具	2			1															1			0			
100560	2	1	10					任务道具	2			1															1			0			
100561	2	1	10					任务道具	2			1															1			0			
100562	2	1	10	71700123				任务道具	2			1															1			0			
100563	2	1	10					任务道具	2			1															1			0			
100564	2	1	10	71700124				任务道具	2			1																		0			
100565	2	1	10	71700125				任务道具	2			5		1			34	50017001								3				0			1016
100566	2	1	10	71700126				任务道具	2			5		1			34	50017002								3				0			1016
100567	2	1	10	71700127				任务道具	2			5		1			34	50017003								3				0			1016
100568	2	1	10	71700128				任务道具	2			5		1			34	50018001								4				0			1017
100569	2	1	10	71700129				任务道具	2			5		1			34	50018002								4				0			1017
100570	2	1	10	71700130				任务道具	2			5		1			34	50018003								4				0			1017
100571	2	1	10	71700131				任务道具	2			5		1			34	50018004								4				0			1017
100572	2	1	10	71700132				任务道具	2			5		1			34	50018005								4				0			1017
100573	2	1	10	71700133				任务道具	2			5		1			34	50019001								3				0			1018
100574	2	1	10	71700134				任务道具	2			5		1			34	50019002								3				0			1018
100575	2	1	10	71700135				任务道具	2			5		1			34	50019003								3				0			1018
100576	2	1	10	71700136				任务道具	2			5		1			34	50019004								3				0			1018
100577	2	1	10	71700137				任务道具	2			5		1			34	50020001								3				0			1019
100578	2	1	10	71700138				任务道具	2			5		1			34	50020002								3				0			1019
100579	2	1	10	71700139				任务道具	2			5		1			34	50020003								3				0			1019
100580	2	1	10	71700140				任务道具	2			5		1			34	50020004								3				0			1019
100581	2	1	10					任务道具	2			1															1			0			
100582	2	1	10					任务道具	2			1															1			0			
100583	2	1	10	70710170				任务道具	2			1																		0			
100584	2	1	10					任务道具	2			1														5				0			
100585	2	1	10					任务道具	2			1														5				0			
100586	2	1	10	71700141				任务道具	2			5		1			34	50023001								3				0			1022
100587	2	1	10	71700142				任务道具	2			5		1			34	50023002								3				0			1022
100588	2	1	10	71700143				任务道具	2			5		1			34	50023003								3				0			1022
100589	2	1	10	71700144				任务道具	2			5		1			34	50023004								3				0			1022
100590	2	1	10	71700145				任务道具	2			5		1			34	50024001								4				0			1023
100591	2	1	10	71700146				任务道具	2			5		1			34	50024002								4				0			1023
100592	2	1	10	71700147				任务道具	2			5		1			34	50024003								4				0			1023
100593	2	1	10	71700148				任务道具	2			5		1			34	50024004								4				0			1023
100594	2	1	10					任务道具	2			1															1			0			
100595	2	1	10					任务道具	2			10																		0			
100596	2	1	10					任务道具	2			10																		0			
100597	2	1	10					任务道具	2			10																		0			
100598	2	1	10					任务道具	2			10																		0			
100599	2	1	10					任务道具	2			10																		0			
100600	2	1	10					任务道具	2			10																		0			
100601	2	1	10	71700149				任务道具	2			1																		0			
100602	2	1	10					任务道具	2			1															1			0			
100603	2	1	10					任务道具	2			1															1			0			
100604	2	0	10					任务道具	2			1															1			0			
100605	2	0	10					任务道具	2			1															1			0			
100606	2	0	10					任务道具	2			1															1			0			
100607	2	1	10	71700155				任务道具	2			5		1			34	50003004								4				0			1
100608	2	1	10	71700156				任务道具	2			5		1			34	50003008								4				0			1
100609	2	1	10	71700157				任务道具	2			5		1			34	50003009								4				0			1
100610	2	1	10	71700158				任务道具	2			5		1			34	50005006								4				0			4
100611	2	1	10	71700159				任务道具	2			5		1			34	50001004								3				0			3
100612	2	1	10	71700160				任务道具	2			5		1			34	50001006								3				0			3
100613	2	1	10	71700161				任务道具	2			5		1			34	50001007								3				0			3
100614	2	1	10	71700162				任务道具	2			5		1			34	50001008								3				0			3
100615	2	1	10	71700163				任务道具	2			5		1			34	50010003								3				0			1009
100616	2	1	10	71700164				任务道具	2			5														3				0			
100617	2	1	10	71700165				任务道具	2			5																		0			
100618	2	0	10					任务道具	4			999																		0			
100619	2	0	10					任务道具	4			999																		0			
100620	2	0	10					任务道具	2			1																		0			
100621	2	0	10					任务道具	2			1																		0			
100622	2	0	10					任务道具	2			1																		0			
100623	2	1	10	70710196				任务道具	2			3																		0			
100624	2	1	10	71700166				任务道具	2			5		1			34	50025002								3				0			1024
100625	2	1	10					任务道具	2			1															1			0			
100626	2	0	10					任务道具	2			1																		0			
100627	2	0	10					任务道具	2			1																		0			
100628	2	0	10					任务道具	2			1																		0			
100629	2	0	10					任务道具	2			1																		0			
100630	2	0	10					任务道具	2			3																		0			
100631	2	1	10					任务道具	2			1																		0			
100632	2	0	10					任务道具	2			1																		0			
100633	2	0	10					任务道具	2			1																		0			
100634	2	0	10					任务道具	2			1																		0			
100635	2	0	10					任务道具	2			1																		0			
100636	2	0	10				1	任务道具	2			1															1			0			
100637	2	1	10	71700167				任务道具	2			5		1			34	50009003								3				0			1008
100638	2	1	10	71700168				任务道具	2			5		1			34	50009004								3				0			1008
100639	2	1	10	71700169				任务道具	2			5																		0			
100640	2	1	10	71700170				任务道具	2			5		1			34	50025003								3				0			1024
100641	2	1	10	71700171				任务道具	2			5		1			34	50025004								3				0			1024
100642	2	1	10	71700172				任务道具	2			5		1			34	50026001								3				0			1025
100643	2	1	10	71700173				任务道具	2			5		1			34	50026004								3				0			1025
100644	2	1	10	71700174				任务道具	2			5		1			34	50026005								3				0			1025
100645	2	1	10	71700175				任务道具	2			5																		0			
100692	2	1	10	71700176				任务道具	2			5																		0			
100693	2	1	10	71700177				任务道具	2			5																		0			
100646	2	0	10	3				任务道具	2			1																		0			
100647	2	0	10	2				任务道具	2			1																		0			
100648	2	0	10	2				任务道具	2			1																		0			
100649	2	0	10	2				任务道具	2			1																		0			
100650	2	0	10	2				任务道具	2			1																		0			
100651	2	0	10	4				任务道具	2			1																		0			
100652	2	0	10	2				任务道具	2			1																		0			
100653	2	0	10	3				任务道具	2			1																		0			
100654	2	0	10	1				任务道具	2			1																		0			
100655	2	0	10	2				任务道具	2			1																		0			
100656	2	0	10	3				任务道具	2			1																		0			
100657	2	0	10	2				任务道具	2			1																		0			
100658	2	0	10	3				任务道具	2			1																		0			
100659	2	0	10	3				任务道具	2			1																		0			
100660	2	0	10	3				任务道具	2			1																		0			
100661	2	0	10	1				任务道具	2			1																		0			
100662	2	0	10	1				任务道具	2			1																		0			
100663	2	0	10	2				任务道具	2			1																		0			
100664	2	0	10	2				任务道具	2			1																		0			
100665	2	0	10	2				任务道具	2			1																		0			
100666	2	0	10	2				任务道具	2			1																		0			
100667	2	0	10					任务道具	2			2																		0			
100668	2	0	10					任务道具	2			1															1			0			
100669	2	0	10					任务道具	2			1															1			0			
100670	2	0	10					任务道具	2			1															1			0			
100671	2	0	10					任务道具	2			1		1	1	2	10	0									1			0			
100672	2	0	10					任务道具	2			3															1			0			
100673	2	0	10					任务道具	2			3															1			0			
100674	2	0	10					任务道具	2			3															1			0			
100675	2	0	10					任务道具	2			3															1			0			
100676	2	0	10					任务道具	2			3															1			0			
100677	2	0	10					任务道具	2			3															1			0			
100678	2	0	10					任务道具	2			1															1			0			
100679	2	0	10					任务道具	2			1															1			0			
100680	2	0	10					任务道具	2			1															1			0			
100681	2	0	10					任务道具	2			1																		0			
100682	2	0	10					任务道具	2			1																		0			
100683	2	0	10					任务道具	2			1																		0			
100684	2	0	10					任务道具	2			1																		0			
100685	2	0	10					任务道具	2			1																		0			
100686	2	0	10					任务道具	2			1																		0			
100687	2	0	10					任务道具	2			1																		0			
100688	2	0	10					任务道具	2			1																		0			
100689	2	0	10					任务道具	2			1																		0			
100690	2	0	10					任务道具	2			1																		0			
100691	2	1	10	71700144				任务道具	2			5														3				0			1022
100694	2	1	10					任务道具	2			10000																		0			
100695	2	1	10					任务道具	2			1																		0			
100696	2	0	10					任务道具	2			1																		0			
100697	2	0	10					任务道具	2			1																		0			
100698	2	0	10					任务道具	2			1																		0			
100699	2	0	10					任务道具	2			1																		0			
100700	2	0	10					任务道具	2			1																		0			
100701	2	0	10					任务道具	2			1																		0			
100702	2	0	10					任务道具	2			1																		0			
100703	2	0	10	71700178				任务道具	2			1																		0			
100704	2	0	10					任务道具	2			1	1													5				0			
100705	2	1	10					任务道具	2			1																		0			
100706	2	1	10	71700180				任务道具	2			5		1			34	50007009								3				0			1006
100707	2	0	10					任务道具	2			1																		0			
100708	2	0	10					任务道具	2			1																		0			
100709	2	1	10	71700074				任务道具	2			5																		0			
100710	2	1	10					任务道具	2			1																		0			
100711	2	1	10	71700181				任务道具	2			1																		0			
100712	2	1	10	71700182				任务道具	2			1																		0			
100713	2	1	10					任务道具	2			1																		0			
100714	2	1	10					任务道具	2			1																		0			
100715	2	1	10	71700169				任务道具	2			1																		0			
100721	2	1	10					任务道具	2			1																		0			
100722	2	1	10					任务道具	2			1																		0			
100723	2	1	10					任务道具	2			2																		0			
100724	2	1	10	70800017				任务道具	2			1	1				24	70800017								4							
100729	2	1	10					任务道具	2			1																					
100716	2	1	302	70710250				任务道具	2			1																1		0			
100717	2	1	302	70710251				任务道具	2			1																1		0			
100718	2	1	302	70710252				任务道具	2			1																1		0			
100719	2	1	302	70710257				任务道具	2			1																1		0			
100720	2	1	302	70710258				任务道具	2			1																1		0			
100727	2	1	302	70710258				任务道具	2			9999																1		0			
100725	2	0	10					任务道具	2			1																		0			
100726	2	1	10					任务道具	2			1																		0			
100728	2	0	10					任务道具	2			1																		0			
100730	2	1	10	71700185				任务道具	2			5		1			34	50009005								3				0			1008
100731	2	1	10	71700186				任务道具	2			5		1			34	50009006								3				0			1008
100732	2	1	10	71700187				任务道具	2			5		1			34	50027002								3				0			1026
100733	2	1	10	71700188				任务道具	2			5		1			34	50027003								3				0			1026
100734	2	1	10	71700189				任务道具	2			5		1			34	50018006								4				0			1017
100735	2	1	10	71700190				任务道具	2			5		1			34	50018007								4				0			1017
100736	2	1	10	71700191				任务道具	2			5		1			34	50018008								4				0			1017
100737	2	0	10					任务道具	2			1																		0			
100738	2	0	10					任务道具	2			1																		0			
100739	2	1	10					任务道具	2			1																		0			
100740	2	1	10					任务道具	2			1																		0			
100741	2	0	10		0			任务道具	2			999																		0			
100742	2	1	302	70560002				任务道具	2			9999																1		0			
100743	2	1	302	70560004				任务道具	2			9999																1		0			
100744	2	1	10					任务道具	2			9999																		0			
100745	2	1	10					任务道具	2			9999																		0			
100746	2	1	10					任务道具	2			1															1			0			
100747	2	1	10					任务道具	2			3															1			0			
100748	2	1	10					任务道具	2			3														2	1			0			
100749	2	0	10					任务道具	2			1																		0			
100750	2	1	10					任务道具	2			1																		0			
100751	2	0	10		0			任务道具	2			999																		0			
100752	2	0	10					任务道具	2			1																		0			
100753	2	0	10					任务道具	2			1																		0			
100754	2	0	10					任务道具	2			1																		0			
100755	2	0	10					任务道具	2			1																		0			
100756	2	1	10					任务道具	2			3														1	1			0			
100757	2	1	305	70520016				任务道具	2			1																1		0			
100758	2	1	305	70560006				任务道具	2			1																1		0			
100759	2	0	10					任务道具	2			1																		0			
100760	2	0	10					任务道具	2			1																		0			
100761	2	0	10					任务道具	2			1																		0			
100762	2	0	10					任务道具	2			1																		0			
100763	2	0	10					任务道具	2			1																		0			
100766	2	1	10					任务道具	2	0	0	1																		0			
100767	2	1	10	70710335				任务道具	2			1																		0			
100779	2	1	10	71700209				任务道具	2			3																					
100780	2	1	10	71700210				任务道具	2			3																					
100781	2	1	10					任务道具	2			1																					
100782	2	1	10					任务道具	2			1																					
100811	2	0	10					任务道具	2			1																		0			
100812	2	0	10					任务道具	2			1																		0			
100813	2	0	10					任务道具	2			1																		0			
100814	2	0	10					任务道具	2			1																		0			
100815	2	0	10					任务道具	2			99																		0			
100818	2	0	10	2				任务道具	2			99	1																	0			
102001	2	1	210	70590001				能量球	1	5	1	1000	1			2	11	1	50											1			
102002	2	1	210	70590001				能量球	1	5	1	1000	1			2	11	2	50											1			
102003	2	1	210	70590001				能量球	1	5	1	1000	1			2	11	3	50											1			
102004	2	1	210	70590001				能量球	1	5	1	1000	1			2	11	4	50											1			
102005	2	1	210	70590001				能量球	1	5	1	1000	1			2	11	7	50											1			
102006	2	1	210	70590001				能量球	1	5	1	1000	1			2	11	5	50											1			
102007	2	1	210	70590001				能量球	1	5	1	1000	1			2	11	8	50											1			
102008	2	1	210	70590001				能量球	1	5	1	1000	1			2	12	50												1			
103001	2	1	210	70590002				能量球	1	10	2	1000	1			2	11	1	30											1			
103002	2	1	210	70590002				能量球	1	10	2	1000	1			2	11	2	30											1			
103003	2	1	210	70590002				能量球	1	10	2	1000	1			2	11	3	30											1			
103004	2	1	210	70590002				能量球	1	10	2	1000	1			2	11	4	30											1			
103005	2	1	210	70590002				能量球	1	10	2	1000	1			2	11	7	30											1			
103006	2	1	210	70590002				能量球	1	10	2	1000	1			2	11	5	30											1			
103007	2	1	210	70590002				能量球	1	10	2	1000	1			2	11	8	30											1			
103008	2	1	210	70590002				能量球	1	10	2	1000	1			2	12	30												1			
104001	2	1	100	70600021				角色经验书	6			9999	99			3	4	1000								2				0			
104002	2	1	100	70600022				角色经验书	6			9999	99			3	4	5000								3				0			
104003	2	1	100	70600023				角色经验书	6			9999	99			3	4	20000								4				0			
104011	2	1	5	70600031				武器矿石	11			9999					14	400								1				0			
104012	2	1	5	70600032				武器矿石	11			9999					14	2000								2				0			
104013	2	1	5	70600033				武器矿石	11			9999					14	10000								3				0			
104101	2	1	114	70600001				角色突破材料	14			2000														2				0			
104102	2	1	114	70600002				角色突破材料	14			2000														3				0			
104103	2	1	114	70600003				角色突破材料	14			2000														4				0			
104104	2	1	114	70600004				角色突破材料	14			2000														5				0			
104111	2	1	115	70600001				角色突破材料	14			2000														2				0			
104112	2	1	115	70600002				角色突破材料	14			2000														3				0			
104113	2	1	115	70600003				角色突破材料	14			2000														4				0			
104114	2	1	115	70600004				角色突破材料	14			2000														5				0			
104121	2	1	116	70600001				角色突破材料	14			2000														2				0			
104122	2	1	116	70600002				角色突破材料	14			2000														3				0			
104123	2	1	116	70600003				角色突破材料	14			2000														4				0			
104124	2	1	116	70600004				角色突破材料	14			2000														5				0			
104131	2	1	117	70600001				角色突破材料	14			2000														2				0			
104132	2	1	117	70600002				角色突破材料	14			2000														3				0			
104133	2	1	117	70600003				角色突破材料	14			2000														4				0			
104134	2	1	117	70600004				角色突破材料	14			2000														5				0			
104141	2	1	118	70600001				角色突破材料	14			2000														2				0			
104142	2	1	118	70600002				角色突破材料	14			2000														3				0			
104143	2	1	118	70600003				角色突破材料	14			2000														4				0			
104144	2	1	118	70600004				角色突破材料	14			2000														5				0			
104151	2	1	119	70600001				角色突破材料	14			2000														2				0			
104152	2	1	119	70600002				角色突破材料	14			2000														3				0			
104153	2	1	119	70600003				角色突破材料	14			2000														4				0			
104154	2	1	119	70600004				角色突破材料	14			2000														5				0			
104161	2	1	120	70600001				角色突破材料	14			2000														2				0			
104162	2	1	120	70600002				角色突破材料	14			2000														3				0			
104163	2	1	120	70600003				角色突破材料	14			2000														4				0			
104164	2	1	120	70600004				角色突破材料	14			2000														5				0			
104171	2	1	121	70600001				角色突破材料	14			2000														2				0			
104172	2	1	121	70600002				角色突破材料	14			2000														3				0			
104173	2	1	121	70600003				角色突破材料	14			2000														4				0			
104174	2	1	121	70600004				角色突破材料	14			2000														5				0			
104201	2	1	121	70600004					5			2000														2				0			
104301	2	1	122	70600052				天赋书	14			2000														2				0			
104302	2	1	122	70600053				天赋书	14			2000														3				0			
104303	2	1	122	70600054				天赋书	14			2000														4				0			
104304	2	1	123	70600052				天赋书	14			2000														2				0			
104305	2	1	123	70600053				天赋书	14			2000														3				0			
104306	2	1	123	70600054				天赋书	14			2000														4				0			
104307	2	1	124	70600052				天赋书	14			2000														2				0			
104308	2	1	124	70600053				天赋书	14			2000														3				0			
104309	2	1	124	70600054				天赋书	14			2000														4				0			
104310	2	1	125	70600052				天赋书	14			2000														2				0			
104311	2	1	125	70600053				天赋书	14			2000														3				0			
104312	2	1	125	70600054				天赋书	14			2000														4				0			
104313	2	1	126	70600052				天赋书	14			2000														2				0			
104314	2	1	126	70600053				天赋书	14			2000														3				0			
104315	2	1	126	70600054				天赋书	14			2000														4				0			
104316	2	1	127	70600052				天赋书	14			2000														2				0			
104317	2	1	127	70600053				天赋书	14			2000														3				0			
104318	2	1	127	70600054				天赋书	14			2000														4				0			
104319	2	1	128	70600055				天赋书	14			2000														5				0			
105001	2	1	6	70600011					13			1000														1				0			
105002	2	1	6	70600012					13			9999					37	2500								3				0			
105003	2	1	6	70600013					13			9999					37	10000								4				0			
105004	2	1	6	70600014					13			1000														4				0			
106000	2	1	406	70900001					5	1	5	10	1			2	7	20												1			
106001	2	1	406	70900001					5	1	5	10	1			2	8	20												1			
107001	2	0	6	70590004	0			元素神瞳	10			2000															1			0			
107002	2	0	406	70590004	0				5			2000		1	1	2	12	20												0			
107003	2	0	6	70590021	0			元素神瞳	10			2000															1			0			
107004	2								12			1000	99	1			20	1000100								3				0			
107005	2								12			1	1	1												3				0			
107006	2	0	406	70600055	0			地灵龛钥匙	5			2000															1			0			
107007	2	0	406	70600055	0			地灵龛钥匙	5			2000															1			0			
107009	2	0	407		0			体力	24			2000	20				25	106	60							4				0			
107010	2	0	6	70590031	0			元素神瞳	10			2000															1			0			
107011	2	0	6	70590034	0			元素神瞳	10			2000		1	1												1			0			
107012	2	0	407		0			体力	24			2000	20				25	106	60							4				0			
108000	2	0	6		0				1	0	0	2000																		0			
108001	2	0	641		0			食物	1	0	0	2000	1			2	15	120201	300				0			2	1			0			
108002	2	0	641		0			食物	1	0	0	2000	1			2	15	120202	300				0			2	1			0			
108003	2	0	641		0			食物	1	0	0	2000	1			2	15	120203	300				0			2	1			0			
108004	2	0	371		0			食物	1	120	99	2000	1			5	5						15	200101		1	1			0			
108005	2	0	371		0			食物	1	120	99	2000	1			5	5						15	200102		1	1			0			
108006	2	0	371		0			食物	1	120	99	2000	1			5	5						15	200103		1	1			0			
108007	2	0	372		0			食物	1	120	99	2000	1			5	5						15	200101		1	1			0			
108008	2	0	372		0			食物	1	120	99	2000	1			5	5						15	200102		1	1			0			
108009	2	0	372		0			食物	1	120	99	2000	1			5	5						15	200103		1	1			0			
108010	2	0	372		0			食物	1	120	99	2000	1			5	5						15	200104		1	1			0			
108011	2	0	271		0			食物	15	0	0	2000	1			4	15	105101					0			1	1		14,37500	0			
108012	2	0	271		0			食物	15	0	0	2000	1			4	15	105102					0			1	1		14,45000	0			
108013	2	0	271		0			食物	15	0	0	2000	1			4	15	105103					0			1	1		15,55000	0			
108014	2	0	271		0			食物	15	0	0	2000	1			4	15	105104					0			1	1		18,60000	0			
108015	2	0	241		0			食物	15	0	0	2000	1			4	15	100201	31				0			2	1		19,96000	0			
108016	2	0	241		0			食物	15	0	0	2000	1			4	15	100202	31				0			2	1		20,120000	0			
108017	2	0	241		0			食物	15	0	0	2000	1			4	15	100203	31				0			2	1		21,147000	0			
108018	2	0	241		0			食物	15	0	0	2000	1			4	15	100204	31				0			2	1		23,177000	0			
108019	2	0	272		0			食物	15	0	0	2000	1			4	15	100101	31				0			1	1		14,57000	0			
108020	2	0	272		0			食物	15	0	0	2000	1			4	15	100102	31				0			1	1		14,69000	0			
108021	2	0	272		0			食物	15	0	0	2000	1			4	15	100103	31				0			1	1		15,81000	0			
108022	2	0	341		0			食物	1	120	99	2000	1			5	5						15	200201		2	1			0			
108023	2	0	341		0			食物	1	120	99	2000	1			5	5						15	200202		2	1			0			
108024	2	0	341		0			食物	1	120	99	2000	1			5	5						15	200203		2	1			0			
108025	2	0	541		0			食物	1	0	0	2000	1			2	15	110201	300				0			2	1			0			
108026	2	0	541		0			食物	1	0	0	2000	1			2	15	110202	300				0			2	1			0			
108027	2	0	541		0			食物	1	0	0	2000	1			2	15	110203	300				0			2	1			0			
108028	2	0	542		0			食物	1	0	0	2000	1			2	15	140201	300				0			2	1			0			
108029	2	0	542		0			食物	1	0	0	2000	1			2	15	140202	300				0			2	1			0			
108030	2	0	542		0			食物	1	0	0	2000	1			2	15	140203	300				0			2	1			0			
108031	2	0	242		0			食物	15	0	0	2000	1			4	15	105201					0			2	1		20,45000	0			
108032	2	0	242		0			食物	15	0	0	2000	1			4	15	105202					0			2	1		21,62500	0			
108033	2	0	242		0			食物	15	0	0	2000	1			4	15	105203					0			2	1		22,80000	0			
108034	2	0	441		0			食物	1	300	98	2000	1			2	9	40					0			2	1			0			
108035	2	0	441		0			食物	1	300	98	2000	1			2	9	50					0			2	1			0			
108036	2	0	441		0			食物	1	300	98	2000	1			2	9	60					0			2	1			0			
108037	2	0	442		0			食物	1	0	0	2000	1			2	15	230201	900				0			2	1			0			
108038	2	0	442		0			食物	1	0	0	2000	1			2	15	230202	900				0			2	1			0			
108039	2	0	442		0			食物	1	0	0	2000	1			2	15	230203	900				0			2	1			0			
108040	2	0	442		0			食物	1	0	0	2000	1			2	15	230204	1500				0			2	1			0			
108041	2	0	221		0			食物	15	0	0	2000	1			4	15	100301	31				0			3	1		23,195000	0			
108042	2	0	221		0			食物	15	0	0	2000	1			4	15	100302	31				0			3	1		24,267000	0			
108043	2	0	221		0			食物	15	0	0	2000	1			4	15	100303	31				0			3	1		25,336000	0			
108044	2	0	221		0			食物	15	0	0	2000	1			4	15	100304	31				0			3	1		27,423000	0			
108045	2	0	222		0			食物	15	0	0	2000	1			4	15	105301					0			3	1		25,42500	0			
108046	2	0	222		0			食物	15	0	0	2000	1			4	15	105302					0			3	1		26,87500	0			
108047	2	0	222		0			食物	15	0	0	2000	1			4	15	105303					0			3	1		27,135000	0			
108048	2	0	222		0			食物	15	0	0	2000	1			4	15	105304					0			3	1		30,167500	0			
108049	2	0	621		0			食物	1	0	0	2000	1			2	15	120301	300				0			3	1			0			
108050	2	0	621		0			食物	1	0	0	2000	1			2	15	120302	300				0			3	1			0			
108051	2	0	621		0			食物	1	0	0	2000	1			2	15	120303	300				0			3	1			0			
108052	2	0	522		0			食物	1	0	0	2000	1			2	15	110301	300				0			3	1			0			
108053	2	0	522		0			食物	1	0	0	2000	1			2	15	110302	300				0			3	1			0			
108054	2	0	522		0			食物	1	0	0	2000	1			2	15	110303	300				0			3	1			0			
108055	2	0	523		0			食物	1	0	0	2000	1			2	15	140301	300				0			3	1			0			
108056	2	0	523		0			食物	1	0	0	2000	1			2	15	140302	300				0			3	1			0			
108057	2	0	523		0			食物	1	0	0	2000	1			2	15	140303	300				0			3	1			0			
108058	2	0	523		0			食物	1	0	0	2000	1			2	15	140304	300				0			3	1			0			
108059	2	0	521		0			食物	1	0	0	2000	1			2	15	160301	300				0			3	1			0			
108060	2	0	521		0			食物	1	0	0	2000	1			2	15	160302	300				0			3	1			0			
108061	2	0	521		0			食物	1	0	0	2000	1			2	15	160303	300				0			3	1			0			
108062	2	0	422		0			食物	1	0	0	2000	1			2	15	220301	900				0			3	1			0			
108063	2	0	422		0			食物	1	0	0	2000	1			2	15	220302	900				0			3	1			0			
108064	2	0	422		0			食物	1	0	0	2000	1			2	15	220303	900				0			3	1			0			
108065	2	0	321		0			食物	1	120	99	2000	1			5	5						15	200301		3	1			0			
108066	2	0	321		0			食物	1	120	99	2000	1			5	5						15	200302		3	1			0			
108067	2	0	321		0			食物	1	120	99	2000	1			5	5						15	200303		3	1			0			
108068	2	0	511		0			食物	1	0	0	2000	1			2	15	110401	300				0			4	1			0			
108069	2	0	511		0			食物	1	0	0	2000	1			2	15	110402	300				0			4	1			0			
108070	2	0	511		0			食物	1	0	0	2000	1			2	15	110403	300				0			4	1			0			
108071	2	0	423		0			食物	1	0	0	2000	1			2	15	220301	900				0			3	1			0			
108072	2	0	423		0			食物	1	0	0	2000	1			2	15	220302	900				0			3	1			0			
108073	2	0	423		0			食物	1	0	0	2000	1			2	15	220303	900				0			3	1			0			
108074	2	0	223		0			食物	15	0	0	2000	1			4	15	100301	31				0			3	1		23,195000	0			
108075	2	0	223		0			食物	15	0	0	2000	1			4	15	100302	31				0			3	1		24,267000	0			
108076	2	0	223		0			食物	15	0	0	2000	1			4	15	100303	31				0			3	1		25,336000	0			
108077	2	0	224		0			食物	15	0	0	2000	1			4	15	105301					0			3	1		25,42500	0			
108078	2	0	224		0			食物	15	0	0	2000	1			4	15	105302					0			3	1		26,87500	0			
108079	2	0	224		0			食物	15	0	0	2000	1			4	15	105303					0			3	1		27,135000	0			
108080	2	0	543		0			食物	1	0	0	2000	1			2	15	110201	300				0			2	1			0			
108081	2	0	543		0			食物	1	0	0	2000	1			2	15	110202	300				0			2	1			0			
108082	2	0	543		0			食物	1	0	0	2000	1			2	15	110203	300				0			2	1			0			
108083	2	0	544		0			食物	1	0	0	2000	1			2	15	140201	300				0			2	1			0			
108084	2	0	544		0			食物	1	0	0	2000	1			2	15	140202	300				0			2	1			0			
108085	2	0	544		0			食物	1	0	0	2000	1			2	15	140203	300				0			2	1			0			
108086	2	0	642		0			食物	1	0	0	2000	1			2	15	120201	300				0			2	1			0			
108087	2	0	642		0			食物	1	0	0	2000	1			2	15	120202	300				0			2	1			0			
108088	2	0	642		0			食物	1	0	0	2000	1			2	15	120203	300				0			2	1			0			
108089	2	0	243		0			食物	15	0	0	2000	1			4	15	105201					0			2	1		20,45000	0			
108090	2	0	243		0			食物	15	0	0	2000	1			4	15	105202					0			2	1		21,62500	0			
108091	2	0	243		0			食物	15	0	0	2000	1			4	15	105203					0			2	1		22,80000	0			
108092	2	0	373		0			食物	1	120	99	2000	1			5	5						15	200101		1	1			0			
108093	2	0	373		0			食物	1	120	99	2000	1			5	5						15	200102		1	1			0			
108094	2	0	373		0			食物	1	120	99	2000	1			5	5						15	200103		1	1			0			
108095	2	0	374		0			食物	1	120	99	2000	1			5	5						15	200101		1	1			0			
108096	2	0	374		0			食物	1	120	99	2000	1			5	5						15	200102		1	1			0			
108097	2	0	374		0			食物	1	120	99	2000	1			5	5						15	200103		1	1			0			
108098	2	0	375		0			食物	1	120	99	2000	1			5	5						15	200101		1	1			0			
108099	2	0	375		0			食物	1	120	99	2000	1			5	5						15	200102		1	1			0			
108100	2	0	375		0			食物	1	120	99	2000	1			5	5						15	200103		1	1			0			
108101	2	0	611		0			食物	1	0	0	2000	1			2	15	120401	300				0			4	1			0			
108102	2	0	611		0			食物	1	0	0	2000	1			2	15	120402	300				0			4	1			0			
108103	2	0	611		0			食物	1	0	0	2000	1			2	15	120403	300				0			4	1			0			
108104	2	0	244		0			食物	15	0	0	2000	1			4	15	100201	31				0			2	1		19,96000	0			
108105	2	0	244		0			食物	15	0	0	2000	1			4	15	100202	31				0			2	1		20,120000	0			
108106	2	0	244		0			食物	15	0	0	2000	1			4	15	100203	31				0			2	1		21,147000	0			
108107	2	0	273		0			食物	15	0	0	2000	1			4	15	105101					0			1	1		14,37500	0			
108108	2	0	273		0			食物	15	0	0	2000	1			4	15	105102					0			1	1		14,45000	0			
108109	2	0	273		0			食物	15	0	0	2000	1			4	15	105103					0			1	1		15,55000	0			
108110	2	0	424		0			食物	1	0	0	2000	1			2	15	210301	900				0			3	1			0			
108111	2	0	424		0			食物	1	0	0	2000	1			2	15	210302	900				0			3	1			0			
108112	2	0	424		0			食物	1	0	0	2000	1			2	15	210303	900				0			3	1			0			
108113	2	0	424		0			食物	1	0	0	2000	1			2	15	210304	1500				0			3	1			0			
108114	2	0	542		0			食物	1	0	0	2000	1			2	15	140204	300				0			2	1			0			
108115	2	0	641		0			食物	1	0	0	2000	1			2	15	120204	300				0			2	1			0			
108116	2	0	371		0			食物	1	120	99	2000	1			5	5						15	200104		1	1			0			
108117	2	0	521		0			食物	1	0	0	2000	1			2	15	160304	300				0			3	1			0			
108118	2	0	341		0			食物	1	120	99	2000	1			5	5						15	200204		2	1			0			
108119	2	0	443		0			食物	1	0	0	2000	1			2	15	230201	900				0			2	1			0			
108120	2	0	443		0			食物	1	0	0	2000	1			2	15	230202	900				0			2	1			0			
108121	2	0	443		0			食物	1	0	0	2000	1			2	15	230203	900				0			2	1			0			
108122	2	0	501		0			食物	1	0	0	2000	1			2	15	110501	300				0			5	1			0			
108123	2	0	501		0			食物	1	0	0	2000	1			2	15	110502	300				0			5	1			0			
108124	2	0	501		0			食物	1	0	0	2000	1			2	15	110503	300				0			5	1			0			
108125	2	0	322		0			食物	1	120	99	2000	1			5	5						15	200301		3	1			0			
108126	2	0	322		0			食物	1	120	99	2000	1			5	5						15	200302		3	1			0			
108127	2	0	322		0			食物	1	120	99	2000	1			5	5						15	200303		3	1			0			
108128	2	0	524		0			食物	1	0	0	2000	1			2	15	110301	300				0			3	1			0			
108129	2	0	524		0			食物	1	0	0	2000	1			2	15	110302	300				0			3	1			0			
108130	2	0	524		0			食物	1	0	0	2000	1			2	15	110303	300				0			3	1			0			
108131	2	0	525		0			食物	1	0	0	2000	1			2	15	140301	300				0			3	1			0			
108132	2	0	525		0			食物	1	0	0	2000	1			2	15	140302	300				0			3	1			0			
108133	2	0	525		0			食物	1	0	0	2000	1			2	15	140303	300				0			3	1			0			
108134	2	0	374		0			食物	1	120	99	2000	1			5	5						15	200104		1	1			0			
108135	2	0	223		0			食物	15	0	0	2000	1			4	15	100304	31				0			3	1		27,423000	0			
108136	2	0	244		0			食物	15	0	0	2000	1			4	15	100204	31				0			2	1		23,177000	0			
108137	2	0	543		0			食物	1	0	0	2000	1			2	15	110204	300				0			2	1			0			
108138	2	0	375		0			食物	1	120	99	2000	1			5	5						15	200104		1	1			0			
108139	2	0	373		0			食物	1	120	99	2000	1			5	5						15	200104		1	1			0			
108140	2	0	525		0			食物	1	0	0	2000	1			2	15	140304	300				0			3	1			0			
108141	2	0	444		0			食物	1	300	98	2000	1			2	9	40					0			2	1			0			
108142	2	0	444		0			食物	1	300	98	2000	1			2	9	50					0			2	1			0			
108143	2	0	444		0			食物	1	300	98	2000	1			2	9	60					0			2	1			0			
108144	2	0	444		0			食物	1	300	98	2000	1			2	9	80					0			2	1			0			
108145	2	0	273		0			食物	15	0	0	2000	1			4	15	105104					0			1	1		18,60000	0			
108146	2	0	321		0			食物	1	120	99	2000	1			5	5						15	200304		3	1			0			
108147	2	0	203		0			食物	1	0	0	2000	1			4	15	400101	20							3	1			0			
108148	2	0	274		0			食物	15	0	0	2000	1			4	15	100104	31				0			1	1		17,96000	0			
108149	2	0	546		0			食物	1	0	0	2000	1			2	15	110204	300				0			2	1			0			
108150	2	0	545		0			食物	1	0	0	2000	1			2	15	140204	300				0			2	1			0			
108151	2	0	245		0			食物	15	0	0	2000	1			4	15	100204	31				0			2	1		23,177000	0			
108152	2	0	225		0			食物	15	0	0	2000	1			4	15	100301	31				0			3	1		23,195000	0			
108153	2	0	225		0			食物	15	0	0	2000	1			4	15	100302	31				0			3	1		24,267000	0			
108154	2	0	225		0			食物	15	0	0	2000	1			4	15	100303	31				0			3	1		25,336000	0			
108155	2	0	622		0			食物	1	0	0	2000	1			2	15	150301	300				0			3	1			0			
108156	2	0	622		0			食物	1	0	0	2000	1			2	15	150302	300				0			3	1			0			
108157	2	0	622		0			食物	1	0	0	2000	1			2	15	150303	300				0			3	1			0			
108158	2	0	512		0			食物	1	0	0	2000	1			2	15	160401	300				0			4	1			0			
108159	2	0	512		0			食物	1	0	0	2000	1			2	15	160402	300				0			4	1			0			
108160	2	0	512		0			食物	1	0	0	2000	1			2	15	160403	300				0			4	1			0			
108161	2	0	623		0			食物	1	0	0	2000	1			2	15	120301	300				0			3	1			0			
108162	2	0	623		0			食物	1	0	0	2000	1			2	15	120302	300				0			3	1			0			
108163	2	0	623		0			食物	1	0	0	2000	1			2	15	120303	300				0			3	1			0			
108164	2	0	612		0			食物	1	0	0	2000	1			2	15	150401	300				0			4	1			0			
108165	2	0	612		0			食物	1	0	0	2000	1			2	15	150402	300				0			4	1			0			
108166	2	0	612		0			食物	1	0	0	2000	1			2	15	150403	300				0			4	1			0			
108167	2	0	526		0			食物	1	0	0	2000	1			2	15	110301	300				0			3	1			0			
108168	2	0	526		0			食物	1	0	0	2000	1			2	15	110302	300				0			3	1			0			
108169	2	0	526		0			食物	1	0	0	2000	1			2	15	110303	300				0			3	1			0			
108170	2	0	226		0			食物	15	0	0	2000	1			4	15	105301					0			3	1		25,42500	0			
108171	2	0	226		0			食物	15	0	0	2000	1			4	15	105302					0			3	1		26,87500	0			
108172	2	0	226		0			食物	15	0	0	2000	1			4	15	105303					0			3	1		27,135000	0			
108173	2	0	225		0			食物	15	0	0	2000	1			4	15	100304	31				0			3	1		27,423000	0			
108174	2	0	544		0			食物	1	0	0	2000	1			2	15	140204	300				0			2	1			0			
108175	2	0	621		0			食物	1	0	0	2000	1			2	15	120304	300				0			3	1			0			
108179	2	0	323		0			食物	1	120	99	2000	1			5	5						15	200301		3	1			0			
108180	2	0	323		0			食物	1	120	99	2000	1			5	5						15	200302		3	1			0			
108181	2	0	323		0			食物	1	120	99	2000	1			5	5						15	200303		3	1			0			
108188	2	0	342		0			食物	1	120	99	2000	1			5	5						15	200201		2	1			0			
108189	2	0	342		0			食物	1	120	99	2000	1			5	5						15	200202		2	1			0			
108190	2	0	342		0			食物	1	120	99	2000	1			5	5						15	200203		2	1			0			
108191	2	0	547		0			食物	1	0	0	2000	1			2	15	140201	300				0			2	1			0			
108192	2	0	547		0			食物	1	0	0	2000	1			2	15	140202	300				0			2	1			0			
108193	2	0	547		0			食物	1	0	0	2000	1			2	15	140203	300				0			2	1			0			
108200	2	0	342		0			食物	1	120	99	2000	1			5	5						15	200204		2	1			0			
108201	2	0	227		0			食物	15	0	0	2000	1			4	15	105301					0			3	1		25,42500	0			
108202	2	0	227		0			食物	15	0	0	2000	1			4	15	105302					0			3	1		26,87500	0			
108203	2	0	227		0			食物	15	0	0	2000	1			4	15	105303					0			3	1		27,135000	0			
108204	2	0	741		0			食物	1	0	0	2000	1			2	15	500201	900				0			2	1			0			
108205	2	0	741		0			食物	1	0	0	2000	1			2	15	500202	900				0			2	1			0			
108206	2	0	741		0			食物	1	0	0	2000	1			2	15	500203	900				0			2	1			0			
108207	2	0	613		0			食物	1	0	0	2000	1			2	15	150301	300				0			3	1			0			
108208	2	0	613		0			食物	1	0	0	2000	1			2	15	150302	300				0			3	1			0			
108209	2	0	613		0			食物	1	0	0	2000	1			2	15	150303	300				0			3	1			0			
108210	2	0	527		0			食物	1	0	0	2000	1			2	15	160301	300				0			3	1			0			
108211	2	0	527		0			食物	1	0	0	2000	1			2	15	160302	300				0			3	1			0			
108212	2	0	527		0			食物	1	0	0	2000	1			2	15	160303	300				0			3	1			0			
108213	2	0	227		0			食物	15	0	0	2000	1			4	15	105304					0			3	1		30,167500	0			
108214	2	0	613		0			食物	1	0	0	2000	1			2	15	150304	300				0			3	1			0			
108215	2	0	273		0			食物	15	0	0	2000	1			4	15	105103					0			1	1		15,55000	0			
108216	2	0	541		0			食物	1	0	0	2000	1			2	15	110203	300				0			2	1			0			
108217	2	0	443		0			食物	1	0	0	2000	1			2	15	230203	900				0			2	1			0			
108218	2	0	642		0			食物	1	0	0	2000	1			2	15	120203	300				0			2	1			0			
108219	2	0	444		0			食物	1	300	98	2000	1			2	9	60					0			2	1			0			
108220	2	0	525		0			食物	1	0	0	2000	1			2	15	140303	300				0			3	1			0			
108221	2	0	622		0			食物	1	0	0	2000	1			2	15	150303	300				0			3	1			0			
108222	2	0	228		0			食物	15			2000	1			4	15	100301	31				0			3	1		23,195000	0			
108223	2	0	228		0			食物	15			2000	1			4	15	100302	31				0			3	1		24,267000	0			
108224	2	0	228		0			食物	15			2000	1			4	15	100303	31				0			3	1		25,336000	0			
108225	2	0	275		0			食物	15			2000	1			4	15	105101					0			1	1		14,37500	0			
108226	2	0	275		0			食物	15			2000	1			4	15	105102					0			1	1		14,45000	0			
108227	2	0	275		0			食物	15			2000	1			4	15	105103					0			1	1		15,55000	0			
108228	2	0	548		0			食物	1			2000	1			2	15	110201	300				0			2	1			0			
108229	2	0	548		0			食物	1			2000	1			2	15	110202	300				0			2	1			0			
108230	2	0	548		0			食物	1			2000	1			2	15	110203	300				0			2	1			0			
108231	2	0	425		0			食物	1			2000	1			2	15	210301	900				0			3	1			0			
108232	2	0	425		0			食物	1			2000	1			2	15	210302	900				0			3	1			0			
108233	2	0	425		0			食物	1			2000	1			2	15	210303	900				0			3	1			0			
108234	2	0	242		0			食物	15			2000	1			4	15	105204					0			2	1		25,92500	0			
108235	2	0	513		0			食物	1			2000	1			2	15	110401	300				0			4	1			0			
108236	2	0	513		0			食物	1			2000	1			2	15	110402	300				0			4	1			0			
108237	2	0	513		0			食物	1			2000	1			2	15	110403	300				0			4	1			0			
108238	2	0	229		0			食物	15			2000	1			4	15	105301					0			3	1		25,42500	0			
108239	2	0	229		0			食物	15			2000	1			4	15	105302					0			3	1		26,87500	0			
108240	2	0	229		0			食物	15			2000	1			4	15	105303					0			3	1		27,135000	0			
108241	2	0	528		0			食物	1			2000	1			2	15	110301	300				0			3	1			0			
108242	2	0	528		0			食物	1			2000	1			2	15	110302	300				0			3	1			0			
108243	2	0	528		0			食物	1			2000	1			2	15	110303	300				0			3	1			0			
109000	2	0	101		0				5			2000	1																	0			
109101	2	0	101	70600021	0		1	食谱	5			2000	1				17	1001								1	1			0			
109102	2	0	101	70600021	0		1	食谱	5			2000	1				17	2008								2	1			0			
109103	2	0	101	70600021	0		1	食谱	5			2000	1				17	2001								2	1			0			
109104	2	0	101	70600021	0		1	食谱	5			2000	1				17	2002								2	1			0			
109106	2	0	101	70600021	0		1	食谱	5			2000	1				17	3001								3	1			0			
109107	2	0	101	70600021	0		1	食谱	5			2000	1				17	3002								3	1			0			
109201	2	0	101	70600021	0		1	食谱	5			2000	1				17	1003								1	1			0			
109202	2	0	101	70600021	0		1	食谱	5			2000	1				17	2003								2	1			0			
109203	2	0	101	70600021	0		1	食谱	5			2000	1				17	2004								2	1			0			
109204	2	0	101	70600021	0		1	食谱	5			2000	1				17	3003								3	1			0			
109205	2	0	101	70600021	0		1	食谱	5			2000	1				17	3004								3	1			0			
109206	2	0	101	70600021	0		1	食谱	5			2000	1				17	3005								3	1			0			
109207	2	0	101	70600021	0		1	食谱	5			2000	1				17	3006								3	1			0			
109301	2	0	101	70600021	0		1	食谱	5			2000	1				17	1004								1	1			0			
109302	2	0	101	70600021	0		1	食谱	5			2000	1				17	1005								1	1			0			
109303	2	0	101	70600021	0		1	食谱	5			2000	1				17	3007								3	1			0			
109304	2	0	101	70600021	0		1	食谱	5			2000	1				17	3008								3	1			0			
109401	2	0	101	70600021	0		1	食谱	5			2000	1				17	2005								2	1			0			
109402	2	0	101	70600021	0		1	食谱	5			2000	1				17	2006								2	1			0			
109403	2	0	101	70600021	0		1	食谱	5			2000	1				17	2007								2	1			0			
109404	2	0	101	70600021	0		1	食谱	5			2000	1				17	4101								4	1			0			
109405	2	0	101	70600021	0		1	食谱	5			2000	1				17	1006								1	1			0			
109406	2	0	101	70600021	0		1	食谱	5			2000	1				17	1101								1	1			0			
109407	2	0	101	70600021	0		1	食谱	5			2000	1				17	1102								1	1			0			
109408	2	0	101	70600021	0		1	食谱	5			2000	1				17	2101								2	1			0			
109409	2	0	101	70600021	0		1	食谱	5			2000	1				17	2102								2	1			0			
109410	2	0	101	70600021	0		1	食谱	5			2000	1				17	2103								2	1			0			
109411	2	0	101	70600021	0		1	食谱	5			2000	1				17	2104								2	1			0			
109412	2	0	101	70600021	0		1	食谱	5			2000	1				17	3101								3	1			0			
109413	2	0	101	70600021	0		1	食谱	5			2000	1				17	3102								3	1			0			
109414	2	0	101	70600021	0		1	食谱	5			2000	1				17	3103								3	1			0			
109415	2	0	101	70600021	0		1	食谱	5			2000	1				17	4102								4	1			0			
109416	2	0	101	70600021	0		1	食谱	5			2000	1				17	2105								2	1			0			
109417	2	0	101	70600021	0		1	食谱	5			2000	1				17	1103								1	1			0			
109418	2	0	101	70600021	0		1	食谱	5			2000	1				17	3009								3	1			0			
109419	2	0	101	70600021	0		1	食谱	5			2000	1				17	2106								2	1			0			
109420	2	0	101	70600021	0		1	食谱	5			2000	1				17	5101								5	1			0			
109421	2	0	101	70600021	0		1	食谱	5			2000	1				17	2107								3	1			0			
109422	2	0	101	70600021	0		1	食谱	5			2000	1				17	3104								3	1			0			
109423	2	0	101	70600021	0		1	食谱	5			2000	1				17	3105								3	1			0			
109424	2	0	101	70600021	0		1	食谱	5			2000	1				17	2108								2	1			0			
109425	2	0	101	70600021	0		1	食谱	5			2000	1				17	3106								3	1			0			
109426	2	0	101	70600021	0		1	食谱	5			2000	1				17	3107								3	1			0			
109427	2	0	101	70600021	0		1	食谱	5			2000	1				17	4103								4	1			0			
109428	2	0	101	70600021	0		1	食谱	5			2000	1				17	3108								3	1			0			
109429	2	0	101	70600021	0		1	食谱	5			2000	1				17	4001								4	1			0			
109430	2	0	101	70600021	0		1	食谱	5			2000	1				17	3010								3	1			0			
109431	2	0	101	70600021	0		1	食谱	5			2000	1				17	3011								3	1			0			
109433	2	0	101	70600021	0		1	食谱	5			2000	1				17	3111								3	1			0			
109436	2	0	101	70600021	0		1	食谱	5			2000	1				17	2109								2	1			0			
109437	2	0	101	70600021	0		1	食谱	5			2000	1				17	2110								2	1			0			
109440	2	0	101	70600021	0		1	食谱	5			2000	1				17	2009								2	1			0			
109441	2	0	101	70600021	0		1	食谱	5			2000	1				17	3012								3	1			0			
109442	2	0	101	70600021	0		1	食谱	5			2000	1				17	3109								3	1			0			
109443	2	0	101	70600021	0		1	食谱	5			2000	1				17	3110								3	1			0			
109444	2	0	101	70600021	0		1	食谱	5			2000	1				17	3013								3	1			0			
109445	2	0	101	70600021	0		1	食谱	5			2000	1				17	1007								1	1			0			
109446	2	0	101	70600021	0		1	食谱	5			2000	1				17	2111								2	1			0			
109447	2	0	101	70600021	0		1	食谱	5			2000	1				17	3112								3	1			0			
109448	2	0	101	70600021	0		1	食谱	5			2000	1				17	4002								4	1			0			
109449	2	0	101	70600021	0		1	食谱	5			2000	1				17	3014								3	1			0			
109450	2	0	101	70600021	0		1	食谱	5			2000	1				17	2010								3	1			0			
110000	2	0	306		0				4			2000																		0			
110001	2	0	306		0			食材加工物	4			2000																		0			
110002	2	0	306		0			食材加工物	4			2000																		0			
110003	2	0	306		0			食材加工物	4			2000																		0			
110004	2	0	306		0			食材加工物	4			2000																		0			
110005	2	0	306		0			食材加工物	4			2000																		0			
110006	2	0	306		0			食材加工物	4			2000																		0			
110008	2	0	306		0			食材加工物	4			2000																		0			
110009	2	0	306		0			食材加工物	4			2000																		0			
110010	2	0	306		0			食材加工物	4			2000																		0			
110011	2	0	306		0			食材加工物	4			2000																		0			
110012	2	0	306		0			食材加工物	4			2000																		0			
110013	2	0	306		0			食材加工物	4			2000																		0			
111006	2	0	701		0			合成产物	1			2000	1			2	15	130101	300							3	1			0			
111007	2	0	701		0			合成产物	1			2000	1			2	15	130102	300							3	1			0			
111008	2	0	701		0			合成产物	1			2000	1			2	15	130103	300							3	1			0			
111009	2	0	701		0			合成产物	1			2000	1			2	15	130104	300							3	1			0			
111010	2	0	701		0			合成产物	1			2000	1			2	15	130105	300							3	1			0			
111011	2	0	701		0			合成产物	1			2000	1			2	15	130106	300							3	1			0			
111012	2	0	701		0			合成产物	1			2000	1			2	15	130107	300							3	1			0			
111013	2	0	701		0			合成产物	1			2000	1			2	15	135101	300							3	1			0			
111014	2	0	701		0			合成产物	1			2000	1			2	15	135102	300							3	1			0			
111015	2	0	701		0			合成产物	1			2000	1			2	15	135103	300							3	1			0			
111016	2	0	701		0			合成产物	1			2000	1			2	15	135104	300							3	1			0			
111017	2	0	701		0			合成产物	1			2000	1			2	15	135105	300							3	1			0			
111018	2	0	701		0			合成产物	1			2000	1			2	15	135106	300							3	1			0			
111019	2	0	701		0			合成产物	1			2000	1			2	15	135107	300							3	1			0			
111020	2	0	409		0			合成产物	5			2000																		0			
111021	2	0	409		0			合成产物	5			2000																		0			
111022	2	0	409		0			合成产物	5			2000																		0			
112001	2	1	101	70600052				怪物材料	14			9999														2				0			
112002	2	1	101	70600051				怪物材料	14			9999														1				0			
112003	2	1	101	70600052				怪物材料	14			9999														2				0			
112004	2	1	101	70600053				怪物材料	14			9999														3				0			
112005	2	1	102	70600051				怪物材料	14			9999														1				0			
112006	2	1	102	70600052				怪物材料	14			9999														2				0			
112007	2	1	102	70600053				怪物材料	14			9999														3				0			
112008	2	1	103	70600051				怪物材料	14			9999														1				0			
112009	2	1	103	70600052				怪物材料	14			9999														2				0			
112010	2	1	103	70600053				怪物材料	14			9999														3				0			
112011	2	1	104	70600051				怪物材料	14			9999														1				0			
112012	2	1	104	70600052				怪物材料	14			9999														2				0			
112013	2	1	104	70600053				怪物材料	14			9999														3				0			
112014	2	1	105	70600052				怪物材料	14			9999														2				0			
112015	2	1	105	70600053				怪物材料	14			9999														3				0			
112016	2	1	105	70600054				怪物材料	14			9999														4				0			
112017	2	1	106	70600052				怪物材料	14			9999														2				0			
112018	2	1	106	70600053				怪物材料	14			9999														3				0			
112019	2	1	106	70600054				怪物材料	14			9999														4				0			
112020	2	1	107	70600052				怪物材料	14			9999														2				0			
112021	2	1	107	70600053				怪物材料	14			9999														3				0			
112022	2	1	107	70600054				怪物材料	14			9999														4				0			
112023	2	1	108	70600052				怪物材料	14			9999														2				0			
112024	2	1	108	70600053				怪物材料	14			9999														3				0			
112025	2	1	108	70600054				怪物材料	14			9999														4				0			
112026	2	1	109	70600052				怪物材料	14			9999														2				0			
112027	2	1	109	70600053				怪物材料	14			9999														3				0			
112028	2	1	109	70600054				怪物材料	14			9999														4				0			
112029	2	1	110	70600052				怪物材料	14			9999														2				0			
112030	2	1	110	70600053				怪物材料	14			9999														3				0			
112031	2	1	110	70600054				怪物材料	14			9999														4				0			
112032	2	1	111	70600051				怪物材料	14			9999														1				0			
112033	2	1	111	70600052				怪物材料	14			9999														2				0			
112034	2	1	111	70600053				怪物材料	14			9999														3				0			
112035	2	1	112	70600051				怪物材料	14			9999														1				0			
112036	2	1	112	70600052				怪物材料	14			9999														2				0			
112037	2	1	112	70600053				怪物材料	14			9999														3				0			
112038	2	1	113	70600051				怪物材料	14			9999														1				0			
112039	2	1	113	70600052				怪物材料	14			9999														2				0			
112040	2	1	113	70600053				怪物材料	14			9999														3				0			
112041	2	1	114	70600052				怪物材料	14			9999														2				0			
112042	2	1	114	70600053				怪物材料	14			9999														3				0			
112043	2	1	114	70600054				怪物材料	14			9999														4				0			
113001	2	1	113	70600054				怪物材料	14			2000														4				0			
113002	2	1	113	70600054				怪物材料	14			2000														4				0			
113003	2	1	113	70600055				怪物材料	14			2000														5				0			
113004	2	1	113	70600055				怪物材料	14			2000														5				0			
113005	2	1	113	70600055				怪物材料	14			2000														5				0			
113006	2	1	113	70600055				怪物材料	14			2000														5				0			
113007	2	1	113	70600055				怪物材料	14			2000														5				0			
113008	2	1	113	70600055				怪物材料	14			2000														5				0			
113009	2	1	113	70600054				怪物材料	14			2000														4				0			
113010	2	1	113	70600054				怪物材料	14			2000														4				0			
113011	2	1	113	70600054				怪物材料	14			2000														4				0			
113012	2	1	113	70600054				怪物材料	14			2000														4				0			
113013	2	1	113	70600055				怪物材料	14			2000														5				0			
113014	2	1	113	70600055				怪物材料	14			2000														5				0			
113015	2	1	113	70600055				怪物材料	14			2000														5				0			
113016	2	1	113	70600054				怪物材料	14			2000														4				0			
114001	2	1	128	70600052				武器突破材料	14			2000														2				0			
114002	2	1	128	70600053				武器突破材料	14			2000														3				0			
114003	2	1	128	70600054				武器突破材料	14			2000														4				0			
114004	2	1	128	70600055				武器突破材料	14			2000														5				0			
114005	2	1	129	70600052				武器突破材料	14			2000														2				0			
114006	2	1	129	70600053				武器突破材料	14			2000														3				0			
114007	2	1	129	70600054				武器突破材料	14			2000														4				0			
114008	2	1	129	70600055				武器突破材料	14			2000														5				0			
114009	2	1	130	70600052				武器突破材料	14			2000														2				0			
114010	2	1	130	70600053				武器突破材料	14			2000														3				0			
114011	2	1	130	70600054				武器突破材料	14			2000														4				0			
114012	2	1	130	70600055				武器突破材料	14			2000														5				0			
114013	2	1	131	70600052				武器突破材料	14			2000														2				0			
114014	2	1	131	70600053				武器突破材料	14			2000														3				0			
114015	2	1	131	70600054				武器突破材料	14			2000														4				0			
114016	2	1	131	70600055				武器突破材料	14			2000														5				0			
114017	2	1	132	70600052				武器突破材料	14			2000														2				0			
114018	2	1	132	70600053				武器突破材料	14			2000														3				0			
114019	2	1	132	70600054				武器突破材料	14			2000														4				0			
114020	2	1	132	70600055				武器突破材料	14			2000														5				0			
114021	2	1	133	70600052				武器突破材料	14			2000														2				0			
114022	2	1	133	70600053				武器突破材料	14			2000														3				0			
114023	2	1	133	70600054				武器突破材料	14			2000														4				0			
114024	2	1	133	70600055				武器突破材料	14			2000														5				0			
115001	2								12			2000	99				20	7000600															
115002	2								12			2000	99	1			20	7000700															
115003	2								12			2000	99	1			20	7000800															
115004	2								12			2000	99	1			20	7000900															
115005	2								12			2000	99	1			20	7001000															
115006	2								12			2000	99	1			20	7001100															
115007	2								12			2000	99	1			20	7001200															
115008	2								12			2000	99	1			20	7001300															
115009	2								12			2000	99	1			20	7001400															
115010	2	1							12			2000	99	1			20	23010000								3							
115011	2	1							12			2000	99	1			20	23010001								4							
115012	2	1							12			2000	99	1												4							
115013	2	1							22			2000	99				35	104112:1,104122:1,104142:1,104152:1,104162:1,104172:1								3							
115014	2	1							22			2000	99													4							
115015	2	1							22			2000	99													5							
115016	2	1							22			2000	99													2							
115017	2	1							22			2000	99				35	104302:1,104305:1,104308:1,104311:1,104314:1,104317:1								3							
115018	2	1							22			2000	99													4							
115019	2	1							12			2000	99	1			20	23010100								3							
115020	2	1							12			2000	99	1			20	23010101								3							
115021	2	1							12			2000	99	1			20	23010102								4							
115022	2	1							12			2000	99	1			20	23010103								4							
115023	2	1							12			2000	99	1			20	23010104								3							
115024	2	1							22			2000	99				35	114001:1,114005:1,114009:1,114013:1,114017:1,114021:1								2							
115025	2	1							22			2000	99				35	114002:1,114006:1,114010:1,114014:1,114018:1,114022:1								3							
115026	2	1							22			2000	99				35	114003:1,114007:1,114011:1,114015:1,114019:1,114023:1								4							
115027	2	1							22			2000	99				35	114004:1,114008:1,114012:1,114016:1,114020:1,114024:1								5							
115028	2	1							12			2000	99	1			20	23020000								3							
115029	2	1							12			2000	99	1			20	23010105								4							
116001	2							战令经验	5			2000	99													3							
116002	2	1						战令礼包	17			2000	99				27	11409,12409,14405,15409,13405								4							
116003	2	1						战令礼包	17			2000	99													3							
116004	2	1						战令礼包	17			2000	99				26	750000,750001,750002								3							
116005	2	1						战令礼包	17			2000	99				26	750003,750004,750005								4							
116006	2	1						战令礼包	17			2000	99				26	750010,750011,750012								3							
116007	2	1						战令礼包	17			2000	99				26	750013,750014,750015								4							
116008	2	1						战令礼包	17			2000	99													3							
116009	2	1						战令礼包	17			2000	99													3							
117001	2	1							12			2000	99				20	23000000								3							
117002	2	1							12			2000	99				20	23000001								4							
117003	2	1							12			2000	99				20	23000002								5							
117004	2	1							12			2000	99				20	23000003								4							
117005	2	1							12			2000	99				20	23000004								5							
118001	2	1							12			2000	99				20	23001000								4							
118002	2	1							5			2000														4							
140001	2								18			1000	99	1			28	140001								4							
140002	2								18			1000	99	1			28	140002								4							
140003	2								18			1000	99	1			28	140003								4							
140004	2								18			1000	99	1			28	140004								4							
140005	2								18			1000	99	1			28	140005								4							
140006	2								18			1000	99	1			28	140006								4							
140007	2								18			1000	99	1			28	140007								4							
200001	2	1	6	70600053				海灯节材料	4			9999														3							
200002	2	1	6	70600053				海灯节材料	4			9999														3							
200003	2	1	6	70600053				海灯节材料	4			9999														3							
200004	2			70600054				海灯节材料	16			9999	1				24	70800017								4							
200101	2	1	6	70600053					5			9999														3							
200102	2	1	6	70600053					5			9999														3							
200103	2	1	6	70600054					14			9999														4							
200104	2	1	6	70600054					14			9999														4							
210001	2								19			1000	99	1			29									4							
210002	2								19			1000	99	1			29									4							
210003	2								19			1000	99	1			29									4							
210004	2								19			1000	99	1			29									4							
210005	2								19			1000	99	1			29									4							
210006	2								19			1000	99	1			29									4							
210007	2								19			1000	99	1			29									4							
210008	2								19			1000	99	1			29									4							
210009	2								19			1000	99	1			29									4							
210010	2								19			1000	99	1			29									4							
210011	2								19			1000	99	1			29									4							
210012	2								19			1000	99	1			29									4							
210013	2								19			1000	99	1			29									4							
210014	2								19			1000	99	1			29									4							
210015	2								19			1000	99	1			29									4							
210016	2								19			1000	99	1			29									4							
210017	2								19			1000	99	1			29									4							
210018	2								19			1000	99	1			29									4							
210019	2								19			1000	99	1			29									4							
210020	2								19			1000	99	1			29									4							
210021	2								19			1000	99	1			29									4							
210022	2								19			1000	99	1			29									4							
210023	2								19			1000	99	1			29									4							
210024	2								19			1000	99	1			29									4							
210025	2								19			1000	99	1			29									4							
210026	2								19			1000	99	1			29									4							
210027	2								19			1000	99	1			29									4							
210028	2								19			1000	99	1			29									4							
210029	2								19			1000	99	1			29									4							
210030	2								19			1000	99	1			29									4							
210031	2								19			1000	99	1			29									4							
210032	2								19			1000	99	1			29									4							
210033	2								19			1000	99	1			29									4							
210038	2								19			1000	99	1			29									4							
210039	2								19			1000	99	1			29									4							
210040	2								19			1000	99	1			29									4							
210041	2								19			1000	99	1			29									4							
210042	2								19			1000	99	1			29									4							
210043	2								19			1000	99	1			29									4							
210044	2								19			1000	99	1			29									4							
210045	2								19			1000	99	1			29									4							
210046	2								19			1000	99	1			29									4							
210047	2								19			1000	99	1			29									4							
210048	2								19			1000	99	1			29									4							
210049	2								19			1000	99	1			29									4							
210050	2								19			1000	99	1			29									4							
210051	2								19			1000	99	1			29									4							
210052	2								19			1000	99	1			29									4							
210053	2								19			1000	99	1			29									4							
210054	2								19			1000	99	1			29									4							
210055	2								19			1000	99	1			29									4							
210056	2								19			1000	99	1			29									4							
210057	2								19			1000	99	1			29									4							
210058	2								19			1000	99	1			29									4							
210059	2								19			1000	99	1			29									4							
210060	2								19			1000	99	1			29									4							
210061	2								19			1000	99	1			29									4							
210062	2								19			1000	99	1			29									4							
210063	2								19			1000	99	1			29									4							
210064	2								19			1000	99	1			29									4							
210065	2								19			1000	99	1			29									4							
220001	2								21			99														3							
220002	2								21			99														3							
220003	2								21			1														4							
220004	2								21			1														4							
220005	2								21			99														4							
220006	2								21			99														3							
220007	2								5			5														4							
220008	2								21			1														4							
220009	2								21			1														4							
220013	2								21			1														4							
220014	2								21			1														4							
220015	2								21			1														4							
220016	2								21			1														4							
220017	2								21			99														3							
220018	2								21			1														4							
220019	2								21			1														4							
220020	2								21			1														4							
220021	2								21			1														4							
220022	2								21			1														4							
220023	2								21			1														4							
220024	2								21			1														4							
220025	2								21			1														4							
221001	2	0	10	70600021	0				5			2000	1				33	22001								3	1			0			
221002	2	0	10	70600021	0				5			2000	1				33	22002								3	1			0			
221003	2	0	10	70600021	0				5			2000	1				32	14003								4	1			0			
221004	2	0	10	70600021	0				5			2000	1				32	14004								4	1			0			
221005	2	0	10	70600021	0				5			2000	1				33	22005								4	1			0			
221006	2	0	10	70600021	0				5			2000	1				32	14006								3	1			0			
221007	2	0	10	70600021	0				5			2000	1				33	22007								4	1			0			
221008	2	0	10	70600021	0				5			2000	1				32	14008								4	1			0			
221009	2	0	10	70600021	0				5			2000	1				32	14009								4	1			0			
221017	2	0	10	70600021	0				5			2000	1				32	14017								3	1			0			
221010	2	0	10	70600021	0		1		5			2000	1				32	13011								4	1			0			
221011	2	0	10	70600021	0		1		5			2000	1				32	13012								4	1			0			
221012	2	0	10	70600021	0		1		5			2000	1				32	13013								4	1			0			
