称号编号
101
102
103
111
112
121
122
123
1001
1002
1003
1004
1005
1006
1007
1011
1021
1031
1032
1041
1051
1061
1071
1101
1102
1103
1201
1202
2001
2002
2003
2101
2102
2111
2112
2201
2211
2221
2222
2223
2224
2225
2226
2227
2228
3001
3011
3090
3101
3102
3103
3104
3111
3112
3201
3202
3203
3204
3205
4001
4002
4003
4011
5001
5002
5003
5101
5102
5111
5112
5121
5122
6001
6002
6003
7001
7002
7003
7004
7005
7006
7007
7008
7011
7012
7111
7112
7121
7122
7123
7124
7131
7132
8001
8002
8003
10001
10002
10003
10004
10005
10006
10007
10008
10009
