ID	默认阵营	基础生命值	基础攻击力	基础防御力	暴击率	暴击抗性	暴击伤害	火元素抗性	草元素抗性	水元素抗性	电元素抗性	风元素抗性	冰元素抗性	岩元素抗性	火元素伤害加成	草元素伤害加成	水元素伤害加成	电元素伤害加成	风元素伤害加成	冰元素伤害加成	岩元素伤害加成	[属性成长]1类型	[属性成长]1曲线	[属性成长]2类型	[属性成长]2曲线	[属性成长]3类型	[属性成长]3曲线	元素精通	物理抗性	物理伤害加成	类型	描述	安全等级	服务器脚本	战斗Config	精英词缀	AI	是否AI校验	装备1	装备2	会游泳	[掉落]1ID	[掉落]1血量百分比	[掉落]2ID	[掉落]2血量百分比	[掉落]3ID	[掉落]3血量百分比	击杀掉落ID	全地图奖励	视距等级	是否离线重置	不在指定天气下出生	特性组ID	联机动态属性ID	外观	生物大类ID	安全检测	战斗音乐
21010101	4001	13.584	22.608	500	0	0	0	0.1	0.1	0.1	0.1	0.1	0.1	0.1	0	0	0	0	0	0	0	1	1	4	2	7	12	0	0.1	0	1	空手	0		ConfigMonster_Hili_None_01		sentry02	1				22010010	60	0	0	0	0	22010010					21010101	1		10101		1
21020101	4001	40.752	30.144	500	0	0	0	0.1	0.1	0.1	0.1	0.1	0.1	0.1	0	0	0	0	0	0	0	1	1	4	2	7	12	0	0.3	0	1	木盾	1		ConfigMonster_Brute_None_Shield		scout01			50004012		22010010	75	22010010	50	22010010	25	22010030			1		21020101	1		10201		2
21020201	4001	40.752	30.144	500	0	0	0	0.1	0.1	0.1	0.1	0.1	0.1	0.1	0	0	0	0	0	0	0	1	1	4	2	7	12	0	0.3	0	1	火斧	1		ConfigMonster_Brute_None_Axe	2001	scout01		50004013			22010010	75	22010010	50	22010010	25	22010030			1		21020201	1		10202		2
21020202	4001	40.752	30.144	500	0	0	0	0.1	0.1	0.1	0.1	0.1	0.1	0.1	0	0	0	0	0	0	0	1	1	4	2	7	12	0	0.3	0	1	强攻强化	1		ConfigMonster_Brute_None_Axe	2001,5001	scout01		50004013			22010010	75	22010010	50	22010010	25	22010030			1		21020201	1		10202		2
21020301	4001	40.752	30.144	500	0	0	0	0.1	0.1	0.1	0.1	0.1	0.1	0.1	0	0	0	0	0	0	0	1	1	4	2	7	12	0	0.3	0	1	岩盾	1		ConfigMonster_Brute_None_Shield		scout01			50004022		22010010	75	22010010	50	22010010	25	22010030			1		21020101	1		10203		2
21020401	4001	122.256	75.36	500	0	0	0	0.1	0.1	0.1	0.1	0.1	0.7	0.1	0	0	0	0	0	0	0	1	1	4	2	7	12	0	0.5	0	1		1		ConfigMonster_Brute_Ice_None		scout01					22010050	75	22010050	50	22010050	25	22010050			1		21020401	1		10204	1	4
21020501	4001	122.256	75.36	500	0	0	0	0.1	0.1	0.1	0.1	0.1	0.1	0.7	0	0	0	0	0	0	0	1	1	4	2	7	12	0	0.5	0	1		1		ConfigMonster_Brute_Rock_None		scout01					22010050	75	22010050	50	22010050	25	22010050			1		21020501	1		10205	1	4
21020601	4001	40.752	30.144	500	0	0	0	0.1	0.1	0.1	0.1	0.1	0.1	0.1	0	0	0	0	0	0	0	1	1	4	2	7	12	0	0.3	0	1	冰盾	1		ConfigMonster_Brute_Ice_Shield		scout01			50004054		22010010	75	22010010	50	22010010	25	22010030			1		21020101	1		10206		2
20010101	4001	10.8672	7.536	500	0	0	0	0.1	0.1	0.1	0.1	0.1	0.1	0.1	0	0	0	0	0	0	0	1	1	4	2	7	12	0	0.1	0	1		0		ConfigMonster_Slime_Grass_02		assist01					22010013	60	0	0	0	0	22010013					20010101	1		00101		1
20010201	4001	27.168	17.584	500	0	0	0	0.1	0.1	0.1	0.1	0.1	0.1	0.1	0	0	0	0	0	0	0	1	1	4	2	7	12	0	0.1	0	1		0		ConfigMonster_Slime_Grass_03	9002	assist01					22010013	66	22010013	33	0	0	22010033					20010201	1		00102		1
20010202	4001	27.168	17.584	500	0	0	0	0.1	0.1	0.1	0.1	0.1	0.1	0.1	0	0	0	0	0	0	0	1	1	4	2	7	12	0	0.1	0	1	强攻强化	0		ConfigMonster_Slime_Grass_03	9002,5001	assist01					22010013	66	22010013	33	0	0	22010033					20010201	1		00102		1
20010301	4001	10.8672	7.536	500	0	0	0	0.1	0.1	0.1	0.1	0.1	0.1	0.1	0	0	0	0	0	0	0	1	1	4	2	7	12	0	0.1	0	1		0		ConfigMonster_Slime_Wind_02		assist01					22010015	60	0	0	0	0	22010015					20010301	1		00103		1
20010401	4001	27.168	17.584	500	0	0	0	0.1	0.1	0.1	0.1	0.1	0.1	0.1	0	0	0	0	0	0	0	1	1	4	2	7	12	0	0.1	0	1		0		ConfigMonster_Slime_Wind_03		assist01					22010015	66	22010015	33	0	0	22010035					20010401	1		00104		1
20010403	4001	27.168	17.584	500	0	0	0	0.1	0.1	0.1	0.1	0.1	0.1	0.1	0	0	0	0	0	0	0	1	1	4	2	7	12	0	0.1	0	1	强攻强化	0		ConfigMonster_Slime_Wind_03	5001	assist01					22010015	66	22010015	33	0	0	22010035					20010401	1		00104		1
29010101	4001	150	100	0	0	0	0	0	0	0	0	0	0	0	0	0	0	0	0	0	0							0	0	0	2	风魔龙S01	2		ConfigMonster_Dvalin_S01		dragon01					0	0	0	0	0	0	0	1	3			29010101	1		90101	1	9
29010102	4001	67.92	56.52	500	0	0	0	0.1	0.1	0.1	0.1	0.1	0.1	0.1	0	0	0	0	0	0	0	1	1	4	2	7	12	0	0.1	0	2	风魔龙S04	2		ConfigMonster_Dvalin_S04	9006	dragon01					0	0	0	0	0	0	0	1	3			29010102	1		90101	1	9
29010103	4001	200	100	0	0	0	0	0	0	0	0	0	0	0	0	0	0	0	0	0	0							0	0	0	2	风魔龙S00	2		ConfigMonster_Dvalin_S00		dragon01					0	0	0	0	0	0	0	1	3			29010103	1		90101	1	9
29010104	4001	122.256	75.36	500	0	0	0	0.1	0.1	0.1	0.1	0.1	0.1	0.1	0	0	0	0	0	0	0	1	1	4	2	7	12	0	0.1	0	2	风魔龙S04-循环本用	2		ConfigMonster_Dvalin_S04		dragon01					0	0	0	0	0	0	0	1	3			29010102	1		90101	1	9
29020101	4001	244.512	75.36	500	0	0	0	0.1	0.1	0.1	0.1	0.3	0.5	0.1	0	0	0	0	0	0	0	1	1	4	2	7	12	0	0.1	0	2	雷泽线	2		ConfigMonster_Wolf_LupiBoreas	9001	dragon01					0	0	0	0	0	0	0	1	1			29020101	1		90201	1	9
29020102	4001	244.512	75.36	500	0	0	0	0.1	0.1	0.1	0.1	0.3	0.5	0.1	0	0	0	0	0	0	0	1	1	4	2	7	12	0	0.1	0	2	世界挑战	2		ConfigMonster_Wolf_LupiBoreas		dragon01												1	1			29020102	1		90201	1	9
29030101	4001	81.504	37.68	500	0	0	0	0	0	0.5	0	0	0	0	0	0	0	0	0	0	0	1	1	4	2	7	12	0	0	0	2	璃月主线	2		ConfigMonster_Tartaglia	9007	dragon01												1				29020101	1			1	9
29030102	4001	81.504	37.68	500	0	0	0	0	0	0	0.5	0	0	0	0	0	0	0	0	0	0	1	1	4	2	7	12	0	0	0	2	璃月主线	2		ConfigMonster_Tartaglia_EvilEye	9007	dragon01												1				29020102	1			1	9
29030103	4001	135.84	50.24	500	0	0	0	0	0	0.7	0.7	0	0	0	0	0	0	0	0	0	0	1	1	4	2	7	12	0	0	0	2	璃月主线	2		ConfigMonster_Tartaglia_Harbinger	9007	dragon01		50004053										1				29020102	1		90301	1	9
29030104	4001	81.504	62.8	500	0	0	0	0	0	0.5	0	0	0	0	0	0	0	0	0	0	0	1	1	4	2	7	12	0	0	0	2	循环	2		ConfigMonster_Tartaglia		dragon01												1				29020101	1			1	9
29030105	4001	81.504	62.8	500	0	0	0	0	0	0	0.5	0	0	0	0	0	0	0	0	0	0	1	1	4	2	7	12	0	0	0	2	循环	2		ConfigMonster_Tartaglia_EvilEye		dragon01												1				29020102	1			1	9
29030106	4001	135.84	87.92	500	0	0	0	0	0	0.7	0.7	0	0	0	0	0	0	0	0	0	0	1	1	4	2	7	12	0	0	0	2	循环	2		ConfigMonster_Tartaglia_Harbinger		dragon01		50004053										1				29020102	1		90301	1	9
20020101	4001	67.92	62.8	500	0	0	0	0.1	0.1	0.1	0.1	0.1	0.1	0.1	0	0	0	0	0	0	0	1	1	4	2	7	12	0	0.1	0	1		1		ConfigMonster_Elemental_Wind_01	3015	scout01					22010035	66	22010035	33	0	0	22010035			1		20020101	1		00201		3
20040101	4001	95.088	75.36	500	0	0	0	0.1	0.1	0.1	0.1	0.1	0.1	0.1	0	0	0	0	0	0	0	1	1	4	2	7	12	0	0.1	0	2		2		ConfigMonster_Effigy_Electric_01	3012,2002	scout01					22010034	75	22010034	50	22010034	25	22010034			1		20040101	1		00401	1	7
20040102	4001	149.424	75.36	500	0	0	0	0.1	0.1	0.1	0.1	0.1	0.1	0.1	0	0	0	0	0	0	0	1	1	4	2	7	12	0	0.1	0	2		2		ConfigMonster_Effigy_Electric_02	3012,2002,5006	scout01					22010034	75	22010034	50	22010034	25	22010034			0		20040101	1		00401	1	7
20040201	4001	95.088	75.36	500	0	0	0	0.1	0.1	0.1	0.1	0.1	0.1	0.1	0	0	0	0	0	0	0	1	1	4	2	7	12	0	0.1	0	2		2		ConfigMonster_Effigy_Wind_01	3015	scout01					22010035	75	22010035	50	22010035	25	22010035			1		20020101	1		00402	1	7
20040202	4001	149.424	75.36	500	0	0	0	0.1	0.1	0.1	0.1	0.1	0.1	0.1	0	0	0	0	0	0	0	1	1	4	2	7	12	0	0.1	0	2		2		ConfigMonster_Effigy_Wind_02	3015,5006	scout01					22010035	75	22010035	50	22010035	25	22010035			0		20020101	1		00402	1	7
20040301	4001	95.088	75.36	500	0	0	0	0.1	0.1	0.1	0.1	0.1	0.1	0.1	0	0	0	0	0	0	0	1	1	4	2	7	12	0	0.1	0	2		2		ConfigMonster_Effigy_Rock_01	3021	scout01					22010037	75	22010037	50	22010037	25	22010037		1	1		20040101	1		00403	1	7
20040302	4001	149.424	75.36	500	0	0	0	0.1	0.1	0.1	0.1	0.1	0.1	0.1	0	0	0	0	0	0	0	1	1	4	2	7	12	0	0.1	0	2		2		ConfigMonster_Effigy_Rock_02	3021,5006	scout01					22010037	75	22010037	50	22010037	25	22010037			0		20040101	1		00403	1	7
20010501	4001	10.8672	7.536	500	0	0	0	0.1	0.1	0.1	0.1	0.1	0.1	0.1	0	0	0	0	0	0	0	1	1	4	2	7	12	0	0.1	0	1		0		ConfigMonster_Slime_Electric_02	2002	assist01					22010014	60	0	0	0	0	22010014					20010501	1		00105		1
20010601	4001	27.168	17.584	500	0	0	0	0.1	0.1	0.1	0.1	0.1	0.1	0.1	0	0	0	0	0	0	0	1	1	4	2	7	12	0	0.1	0	1		0		ConfigMonster_Slime_Electric_03	2002	assist01					22010014	66	22010014	33	0	0	22010034					20010601	1		00106		1
20010604	4001	27.168	17.584	500	0	0	0	0.1	0.1	0.1	0.1	0.1	0.1	0.1	0	0	0	0	0	0	0	1	1	4	2	7	12	0	0.1	0	1	强攻强化	0		ConfigMonster_Slime_Electric_03	2002,5001	assist01					22010014	66	22010014	33	0	0	22010034					20010601	1		00106		1
20010701	4001	27.168	17.584	500	0	0	0	0.1	0.1	0.1	0.1	0.1	0.1	0.1	0	0	0	0	0	0	0	1	1	4	2	7	12	0	0.1	0	1	正电	0		ConfigMonster_Slime_Electric_03_Positive	2002	assist01					22010014	66	22010014	33	0	0	22010034					20010701	1		00107		1
20010702	4001	27.168	17.584	500	0	0	0	0.1	0.1	0.1	0.1	0.1	0.1	0.1	0	0	0	0	0	0	0	1	1	4	2	7	12	0	0.1	0	1	正电-强攻强化	0		ConfigMonster_Slime_Electric_03_Positive	2002,5001	assist01					22010014	66	22010014	33	0	0	22010034					20010701	1		00107		1
20010801	4001	10.8672	7.536	500	0	0	0	0.1	0.1	0.1	0.1	0.1	0.1	0.1	0	0	0	0	0	0	0	1	1	4	2	7	12	0	0.1	0	1		0		ConfigMonster_Slime_Ice_02	2003	assist01					22010016	60	0	0	0	0	22010016					20010801	1		00108		1
20010802	4001	10.8672	7.536	500	0	0	0	0.1	0.1	0.1	0.1	0.1	0.1	0.1	0	0	0	0	0	0	0	1	1	4	2	7	12	0	0.1	0	1	用于雪山急冻树战斗	0	SubFieldDrop_Mimik_Ice	ConfigMonster_Slime_Ice_02	2003	assist01					22010016	60	0	0	0	0	22010016					20010801	1		00108		1
20010901	4001	27.168	17.584	500	0	0	0	0.1	0.1	0.1	0.1	0.1	0.1	0.1	0	0	0	0	0	0	0	1	1	4	2	7	12	0	0.1	0	1		0		ConfigMonster_Slime_Ice_03	2003	assist01					22010016	66	22010016	33	0	0	22010036					20010901	1		00109		1
20010902	4001	27.168	17.584	500	0	0	0	0.1	0.1	0.1	0.1	0.1	0.1	0.1	0	0	0	0	0	0	0	1	1	4	2	7	12	0	0.1	0	1	用于雪山急冻树战斗	0	SubFieldDrop_Mimik_Ice	ConfigMonster_Slime_Ice_03	2003	assist01					22010016	66	22010016	33	0	0	22010036					20010901	1		00109		1
20010904	4001	27.168	17.584	500	0	0	0	0.1	0.1	0.1	0.1	0.1	0.1	0.1	0	0	0	0	0	0	0	1	1	4	2	7	12	0	0.1	0	1	强攻强化	0		ConfigMonster_Slime_Ice_03	2003,5001	assist01					22010016	66	22010016	33	0	0	22010036					20010901	1		00109		1
20011001	4001	10.8672	7.536	500	0	0	0	0.1	0.1	0.1	0.1	0.1	0.1	0.1	0	0	0	0	0	0	0	1	1	4	2	7	12	0	0.1	0	1		0		ConfigMonster_Slime_Water_02		assist01					22010012	60	0	0	0	0	22010012					20011001	1		00110		1
20011101	4001	27.168	17.584	500	0	0	0	0.1	0.1	0.1	0.1	0.1	0.1	0.1	0	0	0	0	0	0	0	1	1	4	2	7	12	0	0.1	0	1		0		ConfigMonster_Slime_Water_03		assist01					22010012	66	22010012	33	0	0	22010032					20011101	1		00111		1
20011103	4001	27.168	17.584	500	0	0	0	0.1	0.1	0.1	0.1	0.1	0.1	0.1	0	0	0	0	0	0	0	1	1	4	2	7	12	0	0.1	0	1	跳跃强化	0		ConfigMonster_Slime_Water_03	5001	assist01					22010012	66	22010012	33	0	0	22010032					20011101	1		00111		1
20050101	4001	135.84	75.36	500	0	0	0	0.1	0.1	0.1	0.1	0.1	0.1	0.1	0	0	0	0	0	0	0	1	1	4	2	7	12	0	0.1	0	2	纯水精灵	2		ConfigMonster_Oceanid_01	3003	assist01					0	0	0	0	0	0	22010032					20050101	1		00501	1	7
20050102	4001	190.176	50.24	500	0	0	0	0.1	0.1	0.1	0.1	0.1	0.1	0.1	0	0	0	0	0	0	0	1	1	4	2	7	12	0	0.1	0	2	纯水精灵	2		ConfigMonster_Oceanid_02	3003	assist01					22010032	75	22010032	50	22010032	25	22010022					20050101	1		00501	1	7
20050201	4001	21.7344	25.12	500	0	0	0	-0.4	0.15	0.15	0.15	0.15	0.15	0.15	0	0	0	0	0	0	0	1	1	4	2	7	12	0	0.15	0	1	水幻形动物	0		ConfigMonster_Oceanid_Boar	3003	assist01					0	0	0	0	0	0	22010012					20010501	1		00502		1
20050202	4001	46.1856	37.68	500	0	0	0	0.1	0.1	0.1	0.1	0.1	0.1	0.1	0	0	0	0	0	0	0	1	1	4	2	7	12	0	0.1	0	1	水幻形动物	0		ConfigMonster_Oceanid_Boar_02	3003	assist01					22010012	60	0	0	0	0	22010012					20010501	1		00502		1
20050301	4001	10.8672	62.8	500	0	0	0	0.15	0.15	0.15	-0.4	0.15	0.15	0.15	0	0	0	0	0	0	0	1	1	4	2	7	12	0	0.15	0	1	水幻形动物	0		ConfigMonster_Oceanid_Crane	3003	assist01					0	0	0	0	0	0	22010012					20010601	1		00503		1
20050401	4001	21.7344	50.24	500	0	0	0	0.15	0.15	0.15	0.15	0.15	-0.4	0.15	0	0	0	0	0	0	0	1	1	4	2	7	12	0	0.15	0	1	水幻形动物	0		ConfigMonster_Oceanid_Crab	3003	assist01					0	0	0	0	0	0	22010012					20010501	1		00504		1
20050402	4001	8.1504	25.12	500	0	0	0	0.1	0.1	0.1	0.1	0.1	0.1	0.1	0	0	0	0	0	0	0	1	1	4	2	7	12	0	0.1	0	1	水幻形动物	0		ConfigMonster_Oceanid_Crab_02	3003	assist01					0	0	0	0	0	0	22010012					20010501	1		00504		1
20050501	4001	40.752	62.8	500	0	0	0	0.15	0.15	0.15	0.15	0.15	0.15	-0.4	0	0	0	0	0	0	0	1	1	4	2	7	12	0	0.15	0	1	水幻形动物	0		ConfigMonster_Oceanid_Tit	3003	assist01					22010012	66	22010012	33	0	0	22010032					20010601	1		00505		1
20050601	4001	21.7344	25.12	500	0	0	0	0.15	0.15	0.15	0.15	0.15	-0.4	0.15	0	0	0	0	0	0	0	1	1	4	2	7	12	0	0.15	0	1	水幻形动物	0		ConfigMonster_Oceanid_Wigeon	3003	assist01					0	0	0	0	0	0	22010012					20010601	1		00506		1
20050701	4001	19.0176	37.68	500	0	0	0	-0.4	0.15	0.15	0.15	0.15	0.15	0.15	0	0	0	0	0	0	0	1	1	4	2	7	12	0	0.15	0	1	水幻形动物	0		ConfigMonster_Oceanid_Squirrel	3003	assist01					0	0	0	0	0	0	22010012					20010501	1		00507		1
20050702	4001	46.1856	37.68	500	0	0	0	0.1	0.1	0.1	0.1	0.1	0.1	0.1	0	0	0	0	0	0	0	1	1	4	2	7	12	0	0.1	0	1	水幻形动物	0		ConfigMonster_Oceanid_Squirrel_02	3003	assist01					22010012	60	0	0	0	0	22010012					20010501	1		00507		1
20050801	4001	40.752	62.8	500	0	0	0	0.15	0.15	0.15	0.15	0.15	0.15	-0.4	0	0	0	0	0	0	0	1	1	4	2	7	12	0	0.15	0	1	水幻形动物	0		ConfigMonster_Oceanid_Frog	3003	assist01					22010012	60	0	0	0	0	22010012					20010601	1		00508		1
20050901	4001	10.8672	50.24	500	0	0	0	0.15	0.15	0.15	-0.4	0.15	0.15	0.15	0	0	0	0	0	0	0	1	1	4	2	7	12	0	0.15	0	1	水幻形动物	0		ConfigMonster_Oceanid_Falcon	3003	assist01					0	0	0	0	0	0	22010012					20010601	1		00509		1
21010201	4001	13.584	22.608	500	0	0	0	0.1	0.1	0.1	0.1	0.1	0.1	0.1	0	0	0	0	0	0	0	1	1	4	2	7	12	0	0.1	0	1		0		ConfigMonster_Hili_None_01		sentry02		50004001			22010010	60	0	0	0	0	22010010					21010201	1		10102		1
21010301	4001	13.584	22.608	500	0	0	0	0.1	0.1	0.1	0.1	0.1	0.1	0.1	0	0	0	0	0	0	0	1	1	4	2	7	12	0	0.1	0	1	木盾	0		ConfigMonster_Hili_None_01		sentry02		50004001	50004002		22010010	60	0	0	0	0	22010010					21010301	1		10103		1
21010401	4001	10.8672	11.304	500	0	0	0	0.1	0.1	0.1	0.1	0.1	0.1	0.1	0	0	0	0	0	0	0	1	1	4	2	7	12	0	0.1	0	1		0		ConfigMonster_Hili_None_01		ranged01		50004004			22010010	60	0	0	0	0	22010010					21010401	1		10104		1
21010402	4001	10.8672	11.304	500	0	0	0	0.1	0.1	0.1	0.1	0.1	0.1	0.1	0	0	0	0	0	0	0	1	1	4	2	7	12	0	0.1	0	1	强攻强化	0		ConfigMonster_Hili_None_01	5001	ranged01		50004004			22010010	60	0	0	0	0	22010010					21010401	1		10104		1
21010501	4001	10.8672	11.304	500	0	0	0	0.1	0.1	0.1	0.1	0.1	0.1	0.1	0	0	0	0	0	0	0	1	1	4	2	7	12	0	0.1	0	1		0		ConfigMonster_Hili_Fire_01	2001	ranged01		50004017			22010010	60	0	0	0	0	22010010					21010501	1		10105		1
21010502	4001	10.8672	11.304	500	0	0	0	0.1	0.1	0.1	0.1	0.1	0.1	0.1	0	0	0	0	0	0	0	1	1	4	2	7	12	0	0.1	0	1	强攻强化	0		ConfigMonster_Hili_Fire_01	2001,5001	ranged01		50004017			22010010	60	0	0	0	0	22010010					21010501	1		10105		1
21010601	4001	13.584	22.608	500	0	0	0	0.1	0.1	0.1	0.1	0.1	0.1	0.1	0	0	0	0	0	0	0	1	1	4	2	7	12	0	0.1	0	1		0		ConfigMonster_Hili_Fire_01	2001	scout01					22010010	60	0	0	0	0	22010010					21010601	1		10106		1
21010603	4001	13.584	22.608	500	0	0	0	0.1	0.1	0.1	0.1	0.1	0.1	0.1	0	0	0	0	0	0	0	1	1	4	2	7	12	0	0.1	0	1	强攻强化	0		ConfigMonster_Hili_Fire_01	2001,5001	scout01					22010010	60	0	0	0	0	22010010					21010601	1		10106		1
21010701	4001	13.584	22.608	500	0	0	0	0.1	0.1	0.1	0.1	0.1	0.1	0.1	0	0	0	0	0	0	0	1	1	4	2	7	12	0	0.1	0	1		0		ConfigMonster_Hili_Fire_Rush	2001	scout01		50004020			22010010	60	0	0	0	0	22010010					21010701	1		10107		1
21010901	4001	10.8672	11.304	500	0	0	0	0.1	0.1	0.1	0.1	0.1	0.1	0.1	0	0	0	0	0	0	0	1	1	4	2	7	12	0	0.1	0	1		0		ConfigMonster_Hili_Ice_01		ranged01		50004018			22010010	60	0	0	0	0	22010010					21010901	1		10109		1
21010902	4001	10.8672	11.304	500	0	0	0	0.1	0.1	0.1	0.1	0.1	0.1	0.1	0	0	0	0	0	0	0	1	1	4	2	7	12	0	0.1	0	1	强攻强化	0		ConfigMonster_Hili_Ice_01	5001	ranged01		50004018			22010010	60	0	0	0	0	22010010					21010901	1		10109		1
21011001	4001	10.8672	11.304	500	0	0	0	0.1	0.1	0.1	0.1	0.1	0.1	0.1	0	0	0	0	0	0	0	1	1	4	2	7	12	0	0.1	0	1		0		ConfigMonster_Hili_Electric_01		ranged01		50004019			22010010	60	0	0	0	0	22010010					21011001	1		10110		1
21011002	4001	10.8672	11.304	500	0	0	0	0.1	0.1	0.1	0.1	0.1	0.1	0.1	0	0	0	0	0	0	0	1	1	4	2	7	12	0	0.1	0	1	强攻强化	0		ConfigMonster_Hili_Electric_01	5001	ranged01		50004019			22010010	60	0	0	0	0	22010010					21011001	1		10110		1
21011201	4001	13.584	22.608	500	0	0	0	0.1	0.1	0.1	0.1	0.1	0.1	0.1	0	0	0	0	0	0	0	1	1	4	2	7	12	0	0.1	0	1	岩盾	0		ConfigMonster_Hili_None_01		sentry02		50004024	50004023		22010010	60	0	0	0	0	22010010					21010301	1		10112		1
21011301	4001	10.8672	11.304	500	0	0	0	0.1	0.1	0.1	0.1	0.1	0.1	0.1	0	0	0	0	0	0	0	1	1	4	2	7	12	0	0.1	0	1		0		ConfigMonster_Hili_Ice_01		ranged01					22010010	60	0	0	0	0	22010010					21010901	1		10113		1
21011401	4001	13.584	22.608	500	0	0	0	0.1	0.1	0.1	0.1	0.1	0.1	0.1	0	0	0	0	0	0	0	1	1	4	2	7	12	0	0.1	0	1	冰盾	0		ConfigMonster_Hili_None_01		sentry02		50004057	50004055		22010010	60	0	0	0	0	22010010					21010301	1		10114		1
21011501	4001	21.7344	22.608	500	0	0	0	0.1	0.1	0.1	0.1	0.1	0.1	0.1	0	0	0	0	0	0	0	1	1	4	2	7	12	0	0.1	0	1	大伟丘丘人空手	0		ConfigMonster_Hili_Wei_NoWeapon_01		sentry02					22010010	60	0	0	0	0	22010010					21010301	1		10115		1
20011201	4001	10.8672	7.536	500	0	0	0	0.1	0.1	0.1	0.1	0.1	0.1	0.1	0	0	0	0	0	0	0	1	1	4	2	7	12	0	0.1	0	1		0		ConfigMonster_Slime_Fire_02		assist01					22010011	60	0	0	0	0	22010011					20011201	1		00112		1
20011202	4001	7	0	500	0	0	0	0	0	0	0	0	0	0	0	0	0	0	0	0	0	1	1	4	2	7	12	0	0	0	1	新手引导	0		ConfigMonster_Slime_Fire_Tutorial		assist01					0	0	0	0	0	0	0					20011202	1		00112		1
20011301	4001	27.168	17.584	500	0	0	0	0.1	0.1	0.1	0.1	0.1	0.1	0.1	0	0	0	0	0	0	0	1	1	4	2	7	12	0	0.1	0	1		0		ConfigMonster_Slime_Fire_03		assist01					22010011	66	22010011	33	0	0	22010031					20011301	1		00113		1
20011304	4001	27.168	17.584	500	0	0	0	0.1	0.1	0.1	0.1	0.1	0.1	0.1	0	0	0	0	0	0	0	1	1	4	2	7	12	0	0.1	0	1	强攻强化	0		ConfigMonster_Slime_Fire_03	5001	assist01					22010011	66	22010011	33	0	0	22010031					20011301	1		00113		1
20011401	4001	10.8672	7.536	500	0	0	0	0.1	0.1	0.1	0.1	0.1	0.1	0.1	0	0	0	0	0	0	0	1	1	4	2	7	12	0	0.1	0	1		0		ConfigMonster_Slime_Rock_02		assist01					22010017	60	0	0	0	0	22010017					20011401	1		00114		1
20011501	4001	27.168	17.584	500	0	0	0	0.1	0.1	0.1	0.1	0.1	0.1	0.1	0	0	0	0	0	0	0	1	1	4	2	7	12	0	0.1	0	1		0		ConfigMonster_Slime_Rock_03		assist01					22010017	66	22010017	33	0	0	22010037					20011501	1		00115		1
20011502	4001	27.168	17.584	500	0	0	0	0.1	0.1	0.1	0.1	0.1	0.1	0.1	0	0	0	0	0	0	0	1	1	4	2	7	12	0	0.1	0	1	强攻强化	0		ConfigMonster_Slime_Rock_03	5001	assist01					22010017	66	22010017	33	0	0	22010037					20011501	1		00115		1
22010101	4001	27.168	37.68	500	0	0	0	0.1	0.1	0.1	0.1	0.1	0.1	0.1	0	0	0	0	0	0	0	1	1	4	2	7	12	0	0.1	0	1		0		ConfigMonster_Abyss_Fire_01	2001	scout01		50004006			22010011	75	22010011	50	22010011	25	22010031			1		22010101	1		20101		2
22010102	4001	27.168	37.68	500	0	0	0	0.1	0.1	0.1	0.1	0.1	0.1	0.1	0	0	0	0	0	0	0	1	1	4	2	7	12	0	0.1	0	1	防护强化	0		ConfigMonster_Abyss_Fire_01	2001,1014,5002	scout01		50004006			22010011	75	22010011	50	22010011	25	22010031			1		22010101	1		20101		2
22010103	4001	27.168	37.68	500	0	0	0	0.1	0.1	0.1	0.1	0.1	0.1	0.1	0	0	0	0	0	0	0	1	1	4	2	7	12	0	0.1	0	1	灵动强化	0		ConfigMonster_Abyss_Fire_01	2001,5003,5005	scout01		50004006			22010011	75	22010011	50	22010011	25	22010031			1		22010101	1		20101		2
22010104	4001	27.168	37.68	500	0	0	0	0.1	0.1	0.1	0.1	0.1	0.1	0.1	0	0	0	0	0	0	0	1	1	4	2	7	12	0	0.1	0	1	强攻强化	0		ConfigMonster_Abyss_Fire_01	2001,5001	scout01		50004006			22010011	75	22010011	50	22010011	25	22010031			1		22010101	1		20101		2
22010201	4001	27.168	37.68	500	0	0	0	0.1	0.1	0.1	0.1	0.1	0.1	0.1	0	0	0	0	0	0	0	1	1	4	2	7	12	0	0.1	0	1		0		ConfigMonster_Abyss_Ice_01	2003	scout01		50004007			22010016	75	22010016	50	22010016	25	22010036			1		22010201	1		20102		2
22010202	4001	27.168	37.68	500	0	0	0	0.1	0.1	0.1	0.1	0.1	0.1	0.1	0	0	0	0	0	0	0	1	1	4	2	7	12	0	0.1	0	1	防护强化	0		ConfigMonster_Abyss_Ice_01	2003,1014,5002	scout01		50004007			22010016	75	22010016	50	22010016	25	22010036			1		22010201	1		20102		2
22010203	4001	27.168	37.68	500	0	0	0	0.1	0.1	0.1	0.1	0.1	0.1	0.1	0	0	0	0	0	0	0	1	1	4	2	7	12	0	0.1	0	1	灵动强化	0		ConfigMonster_Abyss_Ice_01	2003,5003,5005	scout01		50004007			22010016	75	22010016	50	22010016	25	22010036			1		22010201	1		20102		2
22010204	4001	27.168	37.68	500	0	0	0	0.1	0.1	0.1	0.1	0.1	0.1	0.1	0	0	0	0	0	0	0	1	1	4	2	7	12	0	0.1	0	1	强攻强化	0		ConfigMonster_Abyss_Ice_01	2003,5001	scout01		50004007			22010016	75	22010016	50	22010016	25	22010036			1		22010201	1		20102		2
22010301	4001	27.168	37.68	500	0	0	0	0.1	0.1	0.1	0.1	0.1	0.1	0.1	0	0	0	0	0	0	0	1	1	4	2	7	12	0	0.1	0	1		0		ConfigMonster_Abyss_Water_01		scout01		50004008			22010012	75	22010012	50	22010012	25	22010032			1		22010301	1		20103		2
22010302	4001	27.168	37.68	500	0	0	0	0.1	0.1	0.1	0.1	0.1	0.1	0.1	0	0	0	0	0	0	0	1	1	4	2	7	12	0	0.1	0	1	防护强化	0		ConfigMonster_Abyss_Water_01	1014,5002	scout01		50004008			22010012	75	22010012	50	22010012	25	22010032			1		22010301	1		20103		2
22010303	4001	27.168	37.68	500	0	0	0	0.1	0.1	0.1	0.1	0.1	0.1	0.1	0	0	0	0	0	0	0	1	1	4	2	7	12	0	0.1	0	1	灵动强化	0		ConfigMonster_Abyss_Water_01	5003,5005	scout01		50004008			22010012	75	22010012	50	22010012	25	22010032			1		22010301	1		20103		2
22010304	4001	27.168	37.68	500	0	0	0	0.1	0.1	0.1	0.1	0.1	0.1	0.1	0	0	0	0	0	0	0	1	1	4	2	7	12	0	0.1	0	1	强攻强化	0		ConfigMonster_Abyss_Water_01	5001	scout01		50004008			22010012	75	22010012	50	22010012	25	22010032			1		22010301	1		20103		2
22020101	4001	108.672	37.68	500	0	0	0	0.1	0.1	0.1	0.1	0.1	0.1	0.1	0	0	0	0	0	0	0	1	1	4	2	7	12	0	0.1	0	1		1		ConfigMonster_Invoker_Herald_Water_01		scout01					22010032	66	22010032	33	0	0	22010022			1		22020101	1		20201		5
22020102	4001	108.672	37.68	500	0	0	0	0.1	0.1	0.1	0.1	0.1	0.1	0.1	0	0	0	0	0	0	0	1	1	4	2	7	12	0	0.1	0	1	脱战不消失	1		ConfigMonster_Invoker_Herald_Water_01	9008	scout01					22010032	66	22010032	33	0	0	22010022			1		22020101	1		20201		5
21030101	4001	13.584	25.12	500	0	0	0	0.1	0.1	0.5	0.1	0.1	0.1	0.1	0	0	0	0	0	0	0	1	1	4	2	7	12	0	0.1	0	1		0		ConfigMonster_Shaman_Water_01		scout01		50004009			22010012	60	0	0	0	0	22010012					21030101	1		10301		1
21030103	4001	13.584	25.12	500	0	0	0	0.1	0.1	0.5	0.1	0.1	0.1	0.1	0	0	0	0	0	0	0	1	1	4	2	7	12	0	0.1	0	1	支援强化	0		ConfigMonster_Shaman_Water_01	5004	scout01		50004009			22010012	60	0	0	0	0	22010012					21030101	1		10301		1
21030201	4001	13.584	25.12	500	0	0	0	0.1	0.5	0.1	0.1	0.1	0.1	0.1	0	0	0	0	0	0	0	1	1	4	2	7	12	0	0.1	0	1		0		ConfigMonster_Shaman_Grass_01		scout01		50004010			22010013	60	0	0	0	0	22010013					21030201	1		10302		1
21030203	4001	13.584	25.12	500	0	0	0	0.1	0.5	0.1	0.1	0.1	0.1	0.1	0	0	0	0	0	0	0	1	1	4	2	7	12	0	0.1	0	1	支援强化	0		ConfigMonster_Shaman_Grass_01	5004	scout01		50004010			22010013	60	0	0	0	0	22010013					21030201	1		10302		1
21030301	4001	13.584	25.12	500	0	0	0	0.1	0.1	0.1	0.1	0.5	0.1	0.1	0	0	0	0	0	0	0	1	1	4	2	7	12	0	0.1	0	1		0		ConfigMonster_Shaman_Wind_01		scout01		50004014			22010015	60	0	0	0	0	22010015					21030301	1		10303		1
21030303	4001	13.584	25.12	500	0	0	0	0.1	0.1	0.1	0.1	0.5	0.1	0.1	0	0	0	0	0	0	0	1	1	4	2	7	12	0	0.1	0	1	支援强化	0		ConfigMonster_Shaman_Wind_01	5004	scout01		50004014			22010015	60	0	0	0	0	22010015					21030301	1		10303		1
21030304	4001	13.584	25.12	500	0	0	0	0.1	0.1	0.1	0.1	0.5	0.1	0.1	0	0	0	0	0	0	0	1	1	4	2	7	12	0	0.1	0	1	强攻强化	0		ConfigMonster_Shaman_Wind_01	5001	scout01		50004014			22010015	60	0	0	0	0	22010015					21030301	1		10303		1
21030401	4001	13.584	25.12	500	0	0	0	0.1	0.1	0.1	0.1	0.1	0.1	0.5	0	0	0	0	0	0	0	1	1	4	2	7	12	0	0.1	0	1		0		ConfigMonster_Shaman_Rock_01		scout01		50004029			22010017	60	0	0	0	0	22010017					21030401	1		10304		1
21030402	4001	13.584	25.12	500	0	0	0	0.1	0.1	0.1	0.1	0.1	0.1	0.5	0	0	0	0	0	0	0	1	1	4	2	7	12	0	0.1	0	1	支援强化	0		ConfigMonster_Shaman_Rock_01	5004	scout01		50004029			22010017	60	0	0	0	0	22010017					21030401	1		10304		1
21030501	4001	13.584	25.12	500	0	0	0	0.1	0.1	0.1	0.1	0.1	0.5	0.1	0	0	0	0	0	0	0	1	1	4	2	7	12	0	0.1	0	1		0		ConfigMonster_Shaman_Ice_01		scout01		50004049			22010016	60	0	0	0	0	22010016					21030401	1		10305		1
24010101	4001	95.088	75.36	500	0	0	0	0.1	0.1	0.1	0.1	0.1	0.1	0.1	0	0	0	0	0	0	0	1	1	4	2	7	12	0	0.7	0	1	耕地型	1		ConfigMonster_Defender_None_01		scout01					22010040	75	22010040	50	22010040	25	22010030		1	1		24010101	1		40101	1	4
24010201	4001	81.504	87.92	500	0	0	0	0.1	0.1	0.1	0.1	0.1	0.1	0.1	0	0	0	0	0	0	0	1	1	4	2	7	12	0	0.5	0	1		1		ConfigMonster_Formathr_None		scout01					22010040	75	22010040	50	22010040	25	22010030		1	1		24010101	1		40102	1	4
24010301	4001	122.256	87.92	500	0	0	0	0.1	0.1	0.1	0.1	0.1	0.1	0.1	0	0	0	0	0	0	0	1	1	4	2	7	12	0	0.7	0	1		1		ConfigMonster_Konungmathr_None		scout01					22010040	75	22010040	50	22010040	25	22010030		1	1		24010101	1		40103	1	5
23010101	4001	54.336	37.68	500	0	0	0	0.1	0.1	0.1	0.1	0.1	0.1	0.1	0	0	0	0	0	0	0	1	1	4	2	7	12	0	-0.2	0	1		0		ConfigMonster_Skirmisher_Male_Fat_SprayGun_Ice_01		scout01		50004040	50004041		22010026	66	22010026	33	0	0	22010026			1		23030101	1		30101		3
23010201	4001	40.752	25.12	500	0	0	0	0.1	0.1	0.1	0.1	0.1	0.1	0.1	0	0	0	0	0	0	0	1	1	4	2	7	12	0	-0.2	0	1		0		ConfigMonster_Skirmisher_Male_Fat_SprayGun_Water_01		scout01		50004042	50004043		22010022	66	22010022	33	0	0	22010022			1		23030101	1		30102		3
23010301	4001	54.336	50.24	500	0	0	0	0.1	0.1	0.1	0.1	0.1	0.1	0.1	0	0	0	0	0	0	0	1	1	4	2	7	12	0	-0.2	0	1		0		ConfigMonster_Skirmisher_Male_Strong_GreatHammer_Electric_01		scout01		50004044			22010024	66	22010024	33	0	0	22010024			1		23030101	1		30103		3
23010401	4001	40.752	25.12	500	0	0	0	0.1	0.1	0.1	0.1	0.1	0.1	0.1	0	0	0	0	0	0	0	1	1	4	2	7	12	0	-0.2	0	1		0		ConfigMonster_Skirmisher_Male_Standard_Staff_Rock_01		scout01		50004045			22010027	66	22010027	33	0	0	22010027			1		23030101	1		30104		3
23010501	4001	40.752	25.12	500	0	0	0	0.1	0.1	0.1	0.1	0.1	0.1	0.1	0	0	0	0	0	0	0	1	1	4	2	7	12	0	-0.2	0	1		0		ConfigMonster_Skirmisher_Male_Strong_Gloves_Wind_01		scout01		50004047	50004046		22010025	66	22010025	33	0	0	22010025			1		23020101	1		30105		3
23010601	4001	40.752	37.68	500	0	0	0	0.1	0.1	0.1	0.1	0.1	0.1	0.1	0	0	0	0	0	0	0	1	1	4	2	7	12	0	-0.2	0	1		0		ConfigMonster_Skirmisher_Male_Standard_Rifle_Fire_01		scout01		50004048			22010021	66	22010021	33	0	0	22010021			1		23020101	1		30106		3
23020101	4001	67.92	50.24	500	0	0	0	0.5	0.1	0.1	0.1	0.1	0.1	0.1	0	0	0	0	0	0	0	1	1	4	2	7	12	0	-0.2	0	1		1		ConfigMonster_Fatuus_Fire_01		scout01		50004021			22010030	66	22010030	33	0	0	22010030			1		23020101	1		30201	1	3
23020102	4001	67.92	50.24	500	0	0	0	0.5	0.1	0.1	0.1	0.1	0.1	0.1	0	0	0	0	0	0	0	1	1	4	2	7	12	0	-0.2	0	1	强攻强化	1		ConfigMonster_Fatuus_Fire_01	5001	scout01		50004021			22010030	66	22010030	33	0	0	22010030			1		23020101	1		30201		3
23030101	4001	67.92	50.24	500	0	0	0	0.1	0.1	0.1	0.5	0.1	0.1	0.1	0	0	0	0	0	0	0	1	1	4	2	7	12	0	-0.2	0	1		1		ConfigMonster_Fatuus_Summoner_01	9002	scout01					22010030	66	22010030	33	0	0	22010030			1		23030101	1		30301	1	3
23030102	4001	67.92	50.24	500	0	0	0	0.1	0.1	0.1	0.5	0.1	0.1	0.1	0	0	0	0	0	0	0	1	1	4	2	7	12	0	-0.2	0	1	强攻强化	1		ConfigMonster_Fatuus_Summoner_01	9002,5001	scout01					22010030	66	22010030	33	0	0	22010030			1		23030101	1		30301		3
23040101	4001	67.92	50.24	500	0	0	0	0.1	0.1	0.1	0.1	0.1	0.5	0.1	0	0	0	0	0	0	0	1	1	4	2	7	12	0	-0.2	0	1		1		ConfigMonster_Fatuus_Mage_Ice_01	9002	scout01					22010030	66	22010030	33	0	0	22010030			1		23040101	1		30401	1	3
25010101	4001	32.6016	25.12	500	0	0	0	0.1	0.1	0.1	0.1	0.1	0.1	0.1	0	0	0	0	0	0	0	1	1	4	2	7	12	0	-0.2	0	1	任务用	0		ConfigMonster_Thoarder_Male_NoWeapon_01		sentry02					22010010	66	22010010	33	0	0	22010030					25010101	1	Thoarder_Male_Strong_NoWeapon_01	50101		1
25010102	4001	32.6016	25.12	500	0	0	0	0.1	0.1	0.1	0.1	0.1	0.1	0.1	0	0	0	0	0	0	0	1	1	4	2	7	12	0	-0.2	0	1	任务用	0		ConfigMonster_Thoarder_Male_NoWeapon_01		sentry02					22010010	66	22010010	33	0	0	22010030					25010101	1	Thoarder_Male_NoWeapon_01_02	50101		1
25010103	4001	32.6016	25.12	500	0	0	0	0.1	0.1	0.1	0.1	0.1	0.1	0.1	0	0	0	0	0	0	0	1	1	4	2	7	12	0	-0.2	0	1	任务用	0		ConfigMonster_Thoarder_Male_NoWeapon_01		sentry02					22010010	66	22010010	33	0	0	22010030					25010101	1	Thoarder_Male_NoWeapon_01_03	50101		1
25010104	4001	32.6016	25.12	500	0	0	0	0.1	0.1	0.1	0.1	0.1	0.1	0.1	0	0	0	0	0	0	0	1	1	4	2	7	12	0	-0.2	0	1	任务用	0		ConfigMonster_Thoarder_Male_NoWeapon_01		sentry02					22010010	66	22010010	33	0	0	22010030					25010101	1	Thoarder_Male_NoWeapon_01_04	50101		1
25010201	4001	16.3008	15.072	500	0	0	0	0.1	0.1	0.1	0.1	0.1	0.1	0.1	0	0	0	0	0	0	0	1	1	4	2	7	12	0	-0.2	0	1	通用空手	0		ConfigMonster_Thoarder_Male_Standard_NoWeapon_02		sentry02					22010010	66	22010010	33	0	0	22010010					25010101	1	Thoarder_Male_Standard_NoWeapon_02	50102		1
25010203	4001	16.3008	15.072	500	0	0	0	0.1	0.1	0.1	0.1	0.1	0.1	0.1	0	0	0	0	0	0	0	1	1	4	2	7	12	0	-0.2	0	1	任务用	0		ConfigMonster_Thoarder_Male_Standard_NoWeapon_02		sentry02					22010010	66	22010010	33	0	0	22010010					25010101	1	Thoarder_Male_Standard_NoWeapon_02_03	50102		1
25010204	4001	16.3008	15.072	500	0	0	0	0.1	0.1	0.1	0.1	0.1	0.1	0.1	0	0	0	0	0	0	0	1	1	4	2	7	12	0	-0.2	0	1	任务用	0		ConfigMonster_Thoarder_Male_Standard_NoWeapon_02		sentry02					22010010	66	22010010	33	0	0	22010010					25010101	1	Monster_Thoarder_Male_Standard_NoWeapon_02_04	50102		1
25010205	4001	16.3008	15.072	500	0	0	0	0.1	0.1	0.1	0.1	0.1	0.1	0.1	0	0	0	0	0	0	0	1	1	4	2	7	12	0	-0.2	0	1	任务用	0		ConfigMonster_Thoarder_Male_Standard_NoWeapon_03	5101	sentry02					22010010	66	22010010	33	0	0	22010010					25010101	1	Monster_Thoarder_Male_Standard_NoWeapon_02_05	50102		1
25010206	4001	16.3008	15.072	500	0	0	0	0.1	0.1	0.1	0.1	0.1	0.1	0.1	0	0	0	0	0	0	0	1	1	4	2	7	12	0	-0.2	0	1	PV用	0		ConfigMonster_Thoarder_Male_Standard_NoWeapon_02		sentry02					22010010	66	22010010	33	0	0	22010010					25010101	1	Monster_Thoarder_Male_Standard_NoWeapon_02_06	50102		1
25010207	4001	16.3008	15.072	500	0	0	0	0.1	0.1	0.1	0.1	0.1	0.1	0.1	0	0	0	0	0	0	0	1	1	4	2	7	12	0	-0.2	0	1	PV用	0		ConfigMonster_Thoarder_Male_Standard_NoWeapon_02		sentry02					22010010	66	22010010	33	0	0	22010010					25010101	1	Monster_Thoarder_Male_Standard_NoWeapon_02_07	50102		1
25010301	4001	21.7344	20.096	500	0	0	0	0.1	0.1	0.1	0.1	0.1	0.1	0.1	0	0	0	0	0	0	0	1	1	4	2	7	12	0	-0.2	0	1	盗宝团投掷火	0		ConfigMonster_Thoarder_Male_Standard_NoWeapon_Fire_01		sentry02					22010010	66	22010010	33	0	0	22010020					25010101	1	Thoarder_Male_Standard_NoWeapon_Fire_01	50103		1
25010302	4001	21.7344	20.096	500	0	0	0	0.1	0.1	0.1	0.1	0.1	0.1	0.1	0	0	0	0	0	0	0	1	1	4	2	7	12	0	-0.2	0	1	任务用	0		ConfigMonster_Thoarder_Male_Standard_NoWeapon_Fire_01		sentry02					22010010	66	22010010	33	0	0	22010020					25010101	1	Thoarder_Male_Standard_NoWeapon_Fire_01_02	50103		1
25010401	4001	21.7344	20.096	500	0	0	0	0.1	0.1	0.1	0.1	0.1	0.1	0.1	0	0	0	0	0	0	0	1	1	4	2	7	12	0	-0.2	0	1	盗宝团投掷水	0		ConfigMonster_Thoarder_Male_Standard_NoWeapon_Water_01		sentry02					22010010	66	22010010	33	0	0	22010020					25010101	1	Thoarder_Male_Standard_NoWeapon_Water_01	50104		1
25010501	4001	21.7344	20.096	500	0	0	0	0.1	0.1	0.1	0.1	0.1	0.1	0.1	0	0	0	0	0	0	0	1	1	4	2	7	12	0	-0.2	0	1	盗宝团投掷电	0		ConfigMonster_Thoarder_Male_Standard_NoWeapon_Electric_01		sentry02					22010010	66	22010010	33	0	0	22010020					25010101	1	Thoarder_Male_Standard_NoWeapon_Electric_01	50105		1
25010601	4001	21.7344	20.096	500	0	0	0	0.1	0.1	0.1	0.1	0.1	0.1	0.1	0	0	0	0	0	0	0	1	1	4	2	7	12	0	-0.2	0	1	盗宝团投掷冰	0		ConfigMonster_Thoarder_Male_Standard_NoWeapon_Ice_01		sentry02					22010010	66	22010010	33	0	0	22010020					25010101	1	Thoarder_Male_Standard_NoWeapon_Ice_01	50106		1
25010701	4001	27.168	20.096	500	0	0	0	0.1	0.1	0.1	0.1	0.1	0.1	0.1	0	0	0	0	0	0	0	1	1	4	2	7	12	0	-0.2	0	1	盗宝团空手胖	0		ConfigMonster_Thoarder_Male_Fat_NoWeapon_01		sentry02					22010010	75	22010010	50	22010010	25	22010020					25030101	1	Thoarder_Male_Fat_NoWeapon_01	50107		1
25020101	4001	27.168	25.12	500	0	0	0	0.1	0.1	0.1	0.1	0.1	0.1	0.1	0	0	0	0	0	0	0	1	1	4	2	7	12	0	-0.2	0	1	任务用	0		ConfigMonster_Thoarder_Male_Crossbow_01		sentry02		50004025			22010010	66	22010010	33	0	0	22010020					25020101	1	Thoarder_Male_Standard_Crossbow_01	50201		1
25020201	4001	16.3008	15.072	500	0	0	0	0.1	0.1	0.1	0.1	0.1	0.1	0.1	0	0	0	0	0	0	0	1	1	4	2	7	12	0	-0.2	0	1	任务用	0		ConfigMonster_Thoarder_Male_Standard_Crossbow_02		sentry02		50004025			22010010	66	22010010	33	0	0	22010010					25020101	1	Thoarder_Male_Standard_Crossbow_02	50202		1
25020204	4001	16.3008	15.072	500	0	0	0	0.1	0.1	0.1	0.1	0.1	0.1	0.1	0	0	0	0	0	0	0	1	1	4	2	7	12	0	-0.2	0	1	任务用	0		ConfigMonster_Thoarder_Male_Standard_Crossbow_02		sentry02		50004025			22010010	66	22010010	33	0	0	22010010					25020101	1	Thoarder_Male_Standard_Crossbow_02_03	50202		1
25030101	4001	40.752	25.12	500	0	0	0	0.1	0.1	0.1	0.1	0.1	0.1	0.1	0	0	0	0	0	0	0	1	1	4	2	7	12	0	-0.2	0	1	任务用	0		ConfigMonster_Thoarder_Male_Shovel_01		sentry02		50004027			22010020	66	22010020	33	0	0	22010030					25030101	1	Thoarder_Male_Fat_Shovel_01	50301		1
25030201	4001	27.168	20.096	500	0	0	0	0.1	0.1	0.1	0.1	0.1	0.1	0.1	0	0	0	0	0	0	0	1	1	4	2	7	12	0	-0.2	0	1	盗宝团铲子	0		ConfigMonster_Thoarder_Male_Fat_Shovel_03		sentry02		50004027			22010010	75	22010010	50	22010010	25	22010020					25030101	1	Thoarder_Male_Fat_Shovel_03	50302		1
25030301	4001	27.168	20.096	500	0	0	0	0.1	0.1	0.1	0.1	0.1	0.1	0.1	0	0	0	0	0	0	0	1	1	4	2	7	12	0	-0.2	0	1	盗宝团船橹	0		ConfigMonster_Thoarder_Male_Fat_Shovel_02		sentry02		50004039			22010010	75	22010010	50	22010010	25	22010020					25030101	1	Thoarder_Male_Fat_Shovel_02	50303		1
25040101	4001	32.6016	25.12	500	0	0	0	0.1	0.1	0.1	0.1	0.1	0.1	0.1	0	0	0	0	0	0	0	1	1	4	2	7	12	0	-0.2	0	1	任务用	0		ConfigMonster_Thoarder_Female_Hatchet_01		sentry02		50004026			22010010	75	22010010	50	22010010	25	22010020					25040101	1	Thoarder_Female_Standard_Hatchet_01	50401		1
25050101	4001	21.7344	20.096	500	0	0	0	0.1	0.1	0.1	0.1	0.1	0.1	0.1	0	0	0	0	0	0	0	1	1	4	2	7	12	0	-0.2	0	1	任务用	0		ConfigMonster_LiYue_Sergeant_Male_01		sentry02		50004028			22010010	66	22010010	33	0	0	22010020					25050101	1	Millelith_Male_01	50501		1
25050201	4001	32.6016	25.12	500	0	0	0	0.1	0.1	0.1	0.1	0.1	0.1	0.1	0	0	0	0	0	0	0	1	1	4	2	7	12	0	-0.2	0	1		0		ConfigMonster_LiYue_Sergeant_Male_02		sentry02		50004030			22010010	75	22010010	50	22010010	25	22010020					25050201	1	Millelith_Male_02	50502		1
25060101	4001	27.168	20.096	500	0	0	0	0.1	0.1	0.1	0.1	0.1	0.1	0.1	0	0	0	0	0	0	0	1	1	4	2	7	12	0	-0.2	0	1		0		ConfigMonster_Thoarder_MuscleMan_NoWeapon_01		sentry02					22010010	75	22010010	50	22010010	25	22010020					25030101	1	Thoarder_MuscleMan_NoWeapon_01	50601		1
25070101	4001	27.168	20.096	500	0	0	0	0.1	0.1	0.1	0.1	0.1	0.1	0.1	0	0	0	0	0	0	0	1	1	4	2	7	12	0	-0.2	0	1		0		ConfigMonster_Thoarder_MuscleMan_Hammer_01		sentry02		50004038			22010010	75	22010010	50	22010010	25	22010020					25030101	1	Thoarder_MuscleMan_Hammer_01	50701		1
26010101	4001	40.752	25.12	500	0	0	0	0.1	0.1	0.1	0.1	0.1	0.5	0.1	0	0	0	0	0	0	0	1	1	4	2	7	12	0	0.1	0	1		0		ConfigMonster_Mimik_Ice_01		sentry02					22010016	75	22010016	50	22010016	25	22010036					26010101	1		60101		1
26010102	4001	40.752	25.12	500	0	0	0	0.1	0.1	0.1	0.1	0.1	0.5	0.1	0	0	0	0	0	0	0	1	1	4	2	7	12	0	0.1	0	1		0	SubFieldDrop_Mimik_Ice	ConfigMonster_Mimik_Ice_01	5008	sentry02					22010016	75	22010016	50	22010016	25	22010036					26010101	1		60101		1
26010201	4001	40.752	25.12	500	0	0	0	0.5	0.1	0.1	0.1	0.1	0.1	0.1	0	0	0	0	0	0	0	1	1	4	2	7	12	0	0.1	0	1		0		ConfigMonster_Mimik_Fire_01		sentry02					22010011	75	22010011	50	22010011	25	22010031					26010101	1		60102		1
26020101	4001	95.088	62.8	500	0	0	0	0.1	0.1	0.1	0.1	0.1	0.7	0.1	0	0	0	0	0	0	0	1	1	4	2	7	12	0	0.3	0	2		2		ConfigMonster_Regisvine_Ice_01		sentry02					22010036	75	22010036	50	22010036	25	22010036			1		26020101	1		60201	1	7
26020102	4001	149.424	75.36	500	0	0	0	0.1	0.1	0.1	0.1	0.1	0.7	0.1	0	0	0	0	0	0	0	1	1	4	2	7	12	0	0.3	0	2		2		ConfigMonster_Regisvine_Ice_01	5007	sentry02					22010036	75	22010036	50	22010036	25	22010036			1		26020101	101		60201	1	7
26020201	4001	95.088	62.8	500	0	0	0	0.7	0.1	0.1	0.1	0.1	0.1	0.1	0	0	0	0	0	0	0	1	1	4	2	7	12	0	0.3	0	2		2		ConfigMonster_Regisvine_Fire_01		sentry02					22010031	75	22010031	50	22010031	25	22010031			1		26020101	1		60202	1	7
26030101	4001	40.752	30.144	500	0	0	0	0.1	0.1	0.1	0.1	0.1	0.1	0.5	0	0	0	0	0	0	0	1	1	4	2	7	12	0	0.3	0	1		1		ConfigMonster_Wyrm_Rock		sentry02					22010017	66	22010017	33	0	0	22010037			1		26020101	1		60301		2
26040101	4001	108.672	37.68	500	0	0	0	0.1	0.1	0.1	0.1	0.1	0.1	0.5	0	0	0	0	0	0	0	1	1	4	2	7	12	0	0.3	0	1		1		ConfigMonster_Drake_Rock	60401	sentry02					22010017	66	22010017	33	0	0	22010037			1		26020101	1		60401		4
26040102	4001	108.672	37.68	500	0	0	0	0.1	0.1	0.1	0.1	0.1	0.1	0.5	0	0	0	0	0	0	0	1	1	4	2	7	12	0	0.3	0	1		1		ConfigMonster_Drake_Rock	60402	sentry02					22010017	66	22010017	33	0	0	22010037			1		26020101	1		60401		4
26040103	4001	108.672	37.68	500	0	0	0	0.1	0.1	0.1	0.1	0.1	0.1	0.5	0	0	0	0	0	0	0	1	1	4	2	7	12	0	0.3	0	1		1		ConfigMonster_Drake_Rock	60403	sentry02					22010017	66	22010017	33	0	0	22010037			1		26020101	1		60401		4
26040104	4001	108.672	37.68	500	0	0	0	0.1	0.1	0.1	0.1	0.1	0.1	0.5	0	0	0	0	0	0	0	1	1	4	2	7	12	0	0.3	0	1		1		ConfigMonster_Drake_Rock	60404	sentry02					22010017	66	22010017	33	0	0	22010037			1		26020101	1		60401		4
26050101	4001	407.52	50.24	500	0	0	0	0.1	0.1	0.1	0.1	0.1	0.1	0.5	0	0	0	0	0	0	0	1	1	4	2	7	12	0	0.3	0	2		2		ConfigMonster_Drake_Primo_Rock	60501	sentry02					22010017	66	22010017	33	0	0	22010037			1		26020101	1		60501	1	7
26050201	4001	407.52	50.24	500	0	0	0	0.1	0.1	0.1	0.1	0.1	0.1	0.5	0	0	0	0	0	0	0	1	1	4	2	7	12	0	0.3	0	2		2		ConfigMonster_Drake_Primo_Rock	60502	sentry02					22010017	66	22010017	33	0	0	22010037			1		26020101	1		60501	1	7
26050301	4001	407.52	50.24	500	0	0	0	0.1	0.1	0.1	0.1	0.1	0.1	0.5	0	0	0	0	0	0	0	1	1	4	2	7	12	0	0.3	0	2		2		ConfigMonster_Drake_Primo_Rock	60503	sentry02					22010017	66	22010017	33	0	0	22010037			1		26020101	1		60501	1	7
26050401	4001	407.52	50.24	500	0	0	0	0.1	0.1	0.1	0.1	0.1	0.1	0.5	0	0	0	0	0	0	0	1	1	4	2	7	12	0	0.3	0	2		2		ConfigMonster_Drake_Primo_Rock	60504	sentry02					22010017	66	22010017	33	0	0	22010037			1		26020101	1		60501	1	7
26060101	4001	6.792	10.048	500	0	0	0	0.1	0.1	0.1	0.5	0.1	0.1	0.1	0	0	0	0	0	0	0	1	1	4	2	7	12	0	-0.5	0	1		0		ConfigMonster_Cicin_Thunder_01		assist01					22010014	60	0	0	0	0	22010014					26060101	1		60601		1
26060201	4001	6.792	10.048	500	0	0	0	0.1	0.1	0.5	0.1	0.1	0.1	0.1	0	0	0	0	0	0	0	1	1	4	2	7	12	0	-0.5	0	1		0		ConfigMonster_Cicin_Water_01		assist01					22010012	60	0	0	0	0	22010012					26060201	1		60602		1
26060301	4001	6.792	10.048	500	0	0	0	0.1	0.1	0.1	0.1	0.1	0.5	0.1	0	0	0	0	0	0	0	1	1	4	2	7	12	0	-0.5	0	1		0		ConfigMonster_Cicin_Ice_01		assist01					22010016	60	0	0	0	0	22010016					26060301	1		60603		1
21010102	4001	13.584	22.608	500	0	0	0	0.1	0.1	0.1	0.1	0.1	0.1	0.1	0	0	0	0	0	0	0	1	1	4	2	7	12	0	0.1	0	1	空手	0		ConfigMonster_Hili_None_01	4001	sentry02	1												1			21010101	102		10101		1
21020102	4001	40.752	30.144	500	0	0	0	0.1	0.1	0.1	0.1	0.1	0.1	0.1	0	0	0	0	0	0	0	1	1	4	2	7	12	0	0.3	0	1	木盾	1		ConfigMonster_Brute_None_Shield	1014,4001	scout01			50004012										1	1		21020101	102		10201		2
21020203	4001	27.168	17.584	500	0	0	0	0.1	0.1	0.1	0.1	0.1	0.1	0.1	0	0	0	0	0	0	0	1	1	4	2	7	12	0	0.1	0	1	火斧	1		ConfigMonster_Brute_None_Axe	2001,4001	scout01		50004013											1	1		21020201	102		10202		2
21020302	4001	40.752	30.144	500	0	0	0	0.1	0.1	0.1	0.1	0.1	0.1	0.1	0	0	0	0	0	0	0	1	1	4	2	7	12	0	0.3	0	1	岩盾	1		ConfigMonster_Brute_None_Shield	1014,4001	scout01			50004022										1	1		21020101	102		10203		2
21020402	4001	122.256	75.36	500	0	0	0	0.1	0.1	0.1	0.1	0.1	0.7	0.1	0	0	0	0	0	0	0	1	1	4	2	7	12	0	0.5	0	1		1		ConfigMonster_Brute_Ice_None	4001	scout01													1	1		21020401	102		10204	1	4
21020502	4001	122.256	75.36	500	0	0	0	0.1	0.1	0.1	0.1	0.1	0.1	0.7	0	0	0	0	0	0	0	1	1	4	2	7	12	0	0.5	0	1		1		ConfigMonster_Brute_Rock_None	4001	scout01													1	1		21020501	102		10205	1	4
21020602	4001	40.752	30.144	500	0	0	0	0.1	0.1	0.1	0.1	0.1	0.1	0.1	0	0	0	0	0	0	0	1	1	4	2	7	12	0	0.3	0	1	冰盾	1		ConfigMonster_Brute_Ice_Shield	1014,4001	scout01			50004054										1	1		21020101	102		10206		2
20010302	4001	10.8672	7.536	500	0	0	0	0.1	0.1	0.1	0.1	0.1	0.1	0.1	0	0	0	0	0	0	0	1	1	4	2	7	12	0	0.1	0	1		0		ConfigMonster_Slime_Wind_02	4001	assist01													1			20010301	102		00103		1
20010402	4001	27.168	17.584	500	0	0	0	0.1	0.1	0.1	0.1	0.1	0.1	0.1	0	0	0	0	0	0	0	1	1	4	2	7	12	0	0.1	0	1		0		ConfigMonster_Slime_Wind_03	4001	assist01													1			20010401	102		00104		1
20010502	4001	10.8672	7.536	500	0	0	0	0.1	0.1	0.1	0.1	0.1	0.1	0.1	0	0	0	0	0	0	0	1	1	4	2	7	12	0	0.1	0	1		0		ConfigMonster_Slime_Electric_02	2002,4001	assist01													1			20010501	102		00105		1
20010602	4001	27.168	17.584	500	0	0	0	0.1	0.1	0.1	0.1	0.1	0.1	0.1	0	0	0	0	0	0	0	1	1	4	2	7	12	0	0.1	0	1		0		ConfigMonster_Slime_Electric_03	2002,4001	assist01													1			20010601	102		00106		1
20010703	4001	27.168	17.584	500	0	0	0	0.1	0.1	0.1	0.1	0.1	0.1	0.1	0	0	0	0	0	0	0	1	1	4	2	7	12	0	0.1	0	1	正电	0		ConfigMonster_Slime_Electric_03_Positive	2002,4001	assist01													1			20010701	102		00107		1
20010803	4001	10.8672	7.536	500	0	0	0	0.1	0.1	0.1	0.1	0.1	0.1	0.1	0	0	0	0	0	0	0	1	1	4	2	7	12	0	0.1	0	1		0		ConfigMonster_Slime_Ice_02	2003,4001	assist01													1			20010801	102		00108		1
20010903	4001	27.168	17.584	500	0	0	0	0.1	0.1	0.1	0.1	0.1	0.1	0.1	0	0	0	0	0	0	0	1	1	4	2	7	12	0	0.1	0	1		0		ConfigMonster_Slime_Ice_03	2003,4001	assist01													1			20010901	102		00109		1
20011002	4001	10.8672	7.536	500	0	0	0	0.1	0.1	0.1	0.1	0.1	0.1	0.1	0	0	0	0	0	0	0	1	1	4	2	7	12	0	0.1	0	1		0		ConfigMonster_Slime_Water_02	4001	assist01													1			20011001	102		00110		1
20011102	4001	27.168	17.584	500	0	0	0	0.1	0.1	0.1	0.1	0.1	0.1	0.1	0	0	0	0	0	0	0	1	1	4	2	7	12	0	0.1	0	1		0		ConfigMonster_Slime_Water_03	4001	assist01													1			20011101	102		00111		1
21010302	4001	13.584	22.608	500	0	0	0	0.1	0.1	0.1	0.1	0.1	0.1	0.1	0	0	0	0	0	0	0	1	1	4	2	7	12	0	0.1	0	1	木盾	0		ConfigMonster_Hili_None_01	4001	sentry02		50004001	50004002										1			21010301	102		10103		1
21010702	4001	10.8672	7.536	500	0	0	0	0.1	0.1	0.1	0.1	0.1	0.1	0.1	0	0	0	0	0	0	0	1	1	4	2	7	12	0	0.1	0	1		0		ConfigMonster_Hili_Fire_Rush	2001,4001	scout01		50004020											1			21010701	102		10107		1
21011202	4001	13.584	22.608	500	0	0	0	0.1	0.1	0.1	0.1	0.1	0.1	0.1	0	0	0	0	0	0	0	1	1	4	2	7	12	0	0.1	0	1	岩盾	0		ConfigMonster_Hili_None_01	4001	sentry02		50004024	50004023										1			21010301	102		10112		1
21011402	4001	13.584	22.608	500	0	0	0	0.1	0.1	0.1	0.1	0.1	0.1	0.1	0	0	0	0	0	0	0	1	1	4	2	7	12	0	0.1	0	1	冰盾	0		ConfigMonster_Hili_None_01	4001	sentry02		50004057	50004055										1			21010301	102		10114		1
20011203	4001	10.8672	7.536	500	0	0	0	0.1	0.1	0.1	0.1	0.1	0.1	0.1	0	0	0	0	0	0	0	1	1	4	2	7	12	0	0.1	0	1		0		ConfigMonster_Slime_Fire_02	4001	assist01													1			20011201	102		00112		1
20011302	4001	27.168	17.584	500	0	0	0	0.1	0.1	0.1	0.1	0.1	0.1	0.1	0	0	0	0	0	0	0	1	1	4	2	7	12	0	0.1	0	1		0		ConfigMonster_Slime_Fire_03	4001	assist01													1			20011301	102		00113		1
20011402	4001	10.8672	7.536	500	0	0	0	0.1	0.1	0.1	0.1	0.1	0.1	0.1	0	0	0	0	0	0	0	1	1	4	2	7	12	0	0.1	0	1		0		ConfigMonster_Slime_Rock_02	1014,4001	assist01													1			20011401	102		00114		1
20011503	4001	27.168	17.584	500	0	0	0	0.1	0.1	0.1	0.1	0.1	0.1	0.1	0	0	0	0	0	0	0	1	1	4	2	7	12	0	0.1	0	1		0		ConfigMonster_Slime_Rock_03	4001	assist01													1			20011501	102		00115		1
22010105	4001	27.168	37.68	500	0	0	0	0.1	0.1	0.1	0.1	0.1	0.1	0.1	0	0	0	0	0	0	0	1	1	4	2	7	12	0	0.1	0	1		0		ConfigMonster_Abyss_Fire_01	1014,2001,4001	scout01		50004006											1	1		22010101	102		20101		2
22010205	4001	27.168	37.68	500	0	0	0	0.1	0.1	0.1	0.1	0.1	0.1	0.1	0	0	0	0	0	0	0	1	1	4	2	7	12	0	0.1	0	1		0		ConfigMonster_Abyss_Ice_01	1014,2003,4001	scout01		50004007											1	1		22010201	102		20102		2
22010305	4001	27.168	37.68	500	0	0	0	0.1	0.1	0.1	0.1	0.1	0.1	0.1	0	0	0	0	0	0	0	1	1	4	2	7	12	0	0.1	0	1		0		ConfigMonster_Abyss_Water_01	1014,4001	scout01		50004008											1	1		22010301	102		20103		2
21030102	4001	13.584	25.12	500	0	0	0	0.1	0.1	0.5	0.1	0.1	0.1	0.1	0	0	0	0	0	0	0	1	1	4	2	7	12	0	0.1	0	1		0		ConfigMonster_Shaman_Water_01	4001	scout01		50004009											1			21030101	102		10301		1
21030202	4001	13.584	25.12	500	0	0	0	0.1	0.5	0.1	0.1	0.1	0.1	0.1	0	0	0	0	0	0	0	1	1	4	2	7	12	0	0.1	0	1		0		ConfigMonster_Shaman_Grass_01	4001	scout01		50004010											1			21030201	102		10302		1
21030302	4001	13.584	25.12	500	0	0	0	0.1	0.1	0.1	0.1	0.5	0.1	0.1	0	0	0	0	0	0	0	1	1	4	2	7	12	0	0.1	0	1		0		ConfigMonster_Shaman_Wind_01	4001	scout01		50004014											1			21030301	102		10303		1
21030403	4001	13.584	25.12	500	0	0	0	0.1	0.1	0.1	0.1	0.1	0.1	0.5	0	0	0	0	0	0	0	1	1	4	2	7	12	0	0.1	0	1		0		ConfigMonster_Shaman_Rock_01	4001	scout01		50004029											1			21030401	102		10304		1
21030502	4001	13.584	25.12	500	0	0	0	0.1	0.1	0.1	0.1	0.1	0.5	0.1	0	0	0	0	0	0	0	1	1	4	2	7	12	0	0.1	0	1		0		ConfigMonster_Shaman_Ice_01	4001	scout01		50004049											1			21030401	102		10305		1
24010102	4001	95.088	75.36	500	0	0	0	0.1	0.1	0.1	0.1	0.1	0.1	0.1	0	0	0	0	0	0	0	1	1	4	2	7	12	0	0.7	0	1	耕地型	1		ConfigMonster_Defender_None_01	4001	scout01													1	1		24010101	102		40101	1	4
24010202	4001	54.336	37.68	500	0	0	0	0.1	0.1	0.1	0.1	0.1	0.1	0.1	0	0	0	0	0	0	0	1	1	4	2	7	12	0	-0.2	0	1		1		ConfigMonster_Formathr_None	4001	scout01													1	1		24010101	102		40102	1	4
24010302	4001	122.256	87.92	500	0	0	0	0.1	0.1	0.1	0.1	0.1	0.1	0.1	0	0	0	0	0	0	0	1	1	4	2	7	12	0	0.7	0	1		1		ConfigMonster_Konungmathr_None	4001	scout01													1	1		24010101	102		40103	1	5
28020304	4001	149.424	62.8	500	0	0	0	0.1	0.1	0.1	0.1	0.1	0.3	0.1	0	0	0	0	0	0	0	1	1	4	2	7	12	0	0.5	0	1		1		ConfigAnimal_Boar_03		sentry02					22010050	75	22010050	50	22010050	25	22003100			1	雨,雷雨,雪	28020301	1		28020304	1	3
28020301	4001	2.7168	12.56	0	0	0	0	0	0	0	0	0	0	0	0	0	0	0	0	0	0	1	14	4	2	7	12	0	0	0	1		0		ConfigAnimal_Boar_01		sentry02					0	0	0	0	0	0	22000100				雨,雷雨,雪	28020301	1		28020301		
28020303	4001	2.7168	12.56	0	0	0	0	0	0	0	0	0	0	0	0	0	0	0	0	0	0	1	14	4	2	7	12	0	0	0	1		0		ConfigAnimal_Boar_02		sentry02					0	0	0	0	0	0	22003000				雨,雷雨,雪	28020301	1		28020303		
28020305	4001	2.7168	12.56	0	0	0	0	0	0	0	0	0	0	0	0	0	0	0	0	0	0	1	14	4	2	7	12	0	0	0	1		0		ConfigAnimal_Boar_04		sentry02					0	0	0	0	0	0	22003000				雨,雷雨,雪	28020301	1		28020303		
28010101	4001	0.14	0.51	0	0	0	0	0	0	0	0	0	0	0	0	0	0	0	0	0	0	1	14	4	2	7	12	0	0	0	3		0		ConfigAnimal_Crab_01		sentry02					0	0	0	0	0	0	0		5		雪	28010101	1		28010101		
28010102	4001	0.14	0.51	0	0	0	0	0	0	0	0	0	0	0	0	0	0	0	0	0	0	1	14	4	2	7	12	0	0	0	3		0		ConfigAnimal_Crab_01		sentry02					0	0	0	0	0	0	0		5		雪	28010102	1		28010102		
28010103	4001	0.14	0.51	0	0	0	0	0	0	0	0	0	0	0	0	0	0	0	0	0	0	1	14	4	2	7	12	0	0	0	3		0		ConfigAnimal_Crab_01		sentry02					0	0	0	0	0	0	0		5		雪	28010103	1		28010103		
28020101	4001	0.14	0.51	0	0	0	0	0	0	0	0	0	0	0	0	0	0	0	0	0	0	1	14	4	2	7	12	0	0	0	1		0		ConfigAnimal_Fox_01		playing					0	0	0	0	0	0	22000100		4		雨,雷雨,雪	28020101	1		28020101		
28020102	4001	0.14	0.51	0	0	0	0	0	0	0	0	0	0	0	0	0	0	0	0	0	0	1	14	4	2	7	12	0	0	0	1		0		ConfigAnimal_Fox_01		playing					0	0	0	0	0	0	22000100		4		雨,雷雨,雪	28020102	1		28020102		
28020103	4001	0.14	0.51	0	0	0	0	0	0	0	0	0	0	0	0	0	0	0	0	0	0	1	14	4	2	7	12	0	0	0	1		0		ConfigAnimal_Fox_02		playing					0	0	0	0	0	0	22000100		4		雨,雷雨,雪	28020102	1		28010101		
28020104	4001	0.14	0.51	0	0	0	0	0	0	0	0	0	0	0	0	0	0	0	0	0	0	1	14	4	2	7	12	0	0	0	1		0		ConfigAnimal_Fox_03		playing					0	0	0	0	0	0	22000100		4		雨,雷雨,雪	28020102	1		28010101		
28020201	4001	0.14	0.51	0	0	0	0	0	0	0	0	0	0	0	0	0	0	0	0	0	0	1	14	4	2	7	12	0	0	0	1		0		ConfigAnimal_Squirrel_01		playing					0	0	0	0	0	0	22000000		4		雨,雷雨,雪	28020201	1		28020201		
28030101	4001	0.14	0.51	0	0	0	0	0	0	0	0	0	0	0	0	0	0	0	0	0	0	1	14	4	2	7	12	0	0	0	1		0		ConfigAnimal_Crane_01		playing					0	0	0	0	0	0	22001100				雨,雷雨,雪	28030101	1		28030101		
28030201	4001	0.14	0.51	0	0	0	0	0	0	0	0	0	0	0	0	0	0	0	0	0	0	1	14	4	2	7	12	0	0	0	1	黄	0		ConfigAnimal_Falcon_01		playing					0	0	0	0	0	0	22001100		1		雨,雷雨,雪	28030101	1		28030201		
28030202	4001	0.14	0.51	0	0	0	0	0	0	0	0	0	0	0	0	0	0	0	0	0	0	1	14	4	2	7	12	0	0	0	1	灰	0		ConfigAnimal_Falcon_01		playing					0	0	0	0	0	0	22001100		1		雨,雷雨,雪	28030101	1		28030202		
28030203	4001	0.14	0.51	0	0	0	0	0	0	0	0	0	0	0	0	0	0	0	0	0	0	1	14	4	2	7	12	0	0	0	1	棕	0		ConfigAnimal_Falcon_01		playing					0	0	0	0	0	0	22001100		1		雨,雷雨,雪	28030101	1		28030203		
28030204	4001	0.14	0.51	0	0	0	0	0	0	0	0	0	0	0	0	0	0	0	0	0	0	1	14	4	2	7	12	0	0	0	1	白	0		ConfigAnimal_Falcon_01		playing					0	0	0	0	0	0	22001100		1		雨,雷雨,雪	28030101	1		28030204		
28050101	4001	0.14	0.51	0	0	0	0	0	0	0	0	0	0	0	0	0	0	0	0	0	0	1	14	4	2	7	12	0	0	0	3		0		ConfigAnimal_Wisp_Wind_01		playing					0	0	0	0	0	0	0		4		雨,雷雨,雪	28050101	1		28050101		
28050102	4001	0.14	0.51	0	0	0	0	0	0	0	0	0	0	0	0	0	0	0	0	0	0	1	14	4	2	7	12	0	0	0	3		0		ConfigAnimal_Wisp_Rock_01		playing					0	0	0	0	0	0	0		4		雨,雷雨,雪	28050101	1		28050102		
28050103	4001	0.14	0.51	0	0	0	0	0	0	0	0	0	0	0	0	0	0	0	0	0	0	1	14	4	2	7	12	0	0	0	3		0		ConfigAnimal_Wisp_Ice_01		playing					0	0	0	0	0	0	0		4		雨,雷雨,雪	28050101	1		28050103		
28010201	4001	0.14	0.51	0	0	0	0	0	0	0	0	0	0	0	0	0	0	0	0	0	0	1	14	4	2	7	12	0	0	0	3		0		ConfigAnimal_Lizard_01		sentry02					0	0	0	0	0	0	0		5		雨,雷雨,雪	28010201	1		28010201		
28010202	4001	0.14	0.51	0	0	0	0	0	0	0	0	0	0	0	0	0	0	0	0	0	0	1	14	4	2	7	12	0	0	0	3		0		ConfigAnimal_Lizard_01		sentry02					0	0	0	0	0	0	0		5		雨,雷雨,雪	28010202	1		28010202		
28010203	4001	0.14	0.51	0	0	0	0	0	0	0	0	0	0	0	0	0	0	0	0	0	0	1	14	4	2	7	12	0	0	0	3		0		ConfigAnimal_Lizard_01		sentry02					0	0	0	0	0	0	0		5		雨,雷雨,雪	28010203	1		28010203		
28010204	4001	0.14	0.51	0	0	0	0	0	0	0	0	0	0	0	0	0	0	0	0	0	0	1	14	4	2	7	12	0	0	0	3	红	0		ConfigAnimal_Salamander_01		sentry02					0	0	0	0	0	0	0		5		雨,雷雨,雪	28010201	1		28010204		
28010205	4001	0.14	0.51	0	0	0	0	0	0	0	0	0	0	0	0	0	0	0	0	0	0	1	14	4	2	7	12	0	0	0	3	黄	0		ConfigAnimal_Salamander_01		sentry02					0	0	0	0	0	0	0		5		雨,雷雨,雪	28010202	1		28010205		
28010206	4001	0.14	0.51	0	0	0	0	0	0	0	0	0	0	0	0	0	0	0	0	0	0	1	14	4	2	7	12	0	0	0	3	蓝	0		ConfigAnimal_Salamander_01		sentry02					0	0	0	0	0	0	0		5		雨,雷雨,雪	28010203	1		28010206		
28010301	4001	0.14	0.51	0	0	0	0	0	0	0	0	0	0	0	0	0	0	0	0	0	0	1	14	4	2	7	12	0	0	0	3		0		ConfigAnimal_Frog_01		sentry02					0	0	0	0	0	0	0		5		雷雨,雪	28010301	1		28010301		
28010302	4001	0.14	0.51	0	0	0	0	0	0	0	0	0	0	0	0	0	0	0	0	0	0	1	14	4	2	7	12	0	0	0	3		0		ConfigAnimal_Frog_01		sentry02					0	0	0	0	0	0	0		5		雷雨,雪	28010302	1		28010302		
28010303	4001	0.14	0.51	0	0	0	0	0	0	0	0	0	0	0	0	0	0	0	0	0	0	1	14	4	2	7	12	0	0	0	3		0		ConfigAnimal_Frog_01		sentry02					0	0	0	0	0	0	0		5		雷雨,雪	28010303	1		28010303		
28020302	4001	0.14	0.51	0	0	0	0	0	0	0	0	0	0	0	0	0	0	0	0	0	0	1	14	4	2	7	12	0	0	0	1		0		ConfigAnimal_Boar_01_Small		sentry02					0	0	0	0	0	0	22000100		4		雨,雷雨,雪	28020302	1		28020301		
28030301	4001	0.14	0.51	0	0	0	0	0	0	0	0	0	0	0	0	0	0	0	0	0	0	1	14	4	2	7	12	0	0	0	1		0		ConfigAnimal_Pigeon_01		playing					0	0	0	0	0	0	22001000		4		雨,雷雨,雪	28030301	1		28030301		
28030302	4001	0.14	0.51	0	0	0	0	0	0	0	0	0	0	0	0	0	0	0	0	0	0	1	14	4	2	7	12	0	0	0	1		0		ConfigAnimal_Pigeon_01		playing					0	0	0	0	0	0	22001000		4		雨,雷雨,雪	28030302	1		28030302		
28030303	4001	0.14	0.51	0	0	0	0	0	0	0	0	0	0	0	0	0	0	0	0	0	0	1	14	4	2	7	12	0	0	0	1		0		ConfigAnimal_Pigeon_01		playing					0	0	0	0	0	0	22001000		4		雨,雷雨,雪	28030303	1		28030303		
28030304	4001	0.14	0.51	0	0	0	0	0	0	0	0	0	0	0	0	0	0	0	0	0	0	1	14	4	2	7	12	0	0	0	1		0		ConfigAnimal_Pigeon_01		playing					0	0	0	0	0	0	22001000		4		雨,雷雨,雪	28030304	1		28030304		
28030305	4001	0.14	0.51	0	0	0	0	0	0	0	0	0	0	0	0	0	0	0	0	0	0	1	14	4	2	7	12	0	0	0	1		0		ConfigAnimal_Pigeon_01		playing					0	0	0	0	0	0	22001000		4		雨,雷雨,雪	28030305	1		28030305		
28030401	4001	0.14	0.51	0	0	0	0	0	0	0	0	0	0	0	0	0	0	0	0	0	0	1	14	4	2	7	12	0	0	0	1		0		ConfigAnimal_Tit_01		playing					0	0	0	0	0	0	22001000		5		雨,雷雨,雪	28030401	1		28030401		
28030402	4001	0.14	0.51	0	0	0	0	0	0	0	0	0	0	0	0	0	0	0	0	0	0	1	14	4	2	7	12	0	0	0	1		0		ConfigAnimal_Tit_01		playing					0	0	0	0	0	0	22001000		5		雨,雷雨,雪	28030402	1		28030402		
28030403	4001	0.14	0.51	0	0	0	0	0	0	0	0	0	0	0	0	0	0	0	0	0	0	1	14	4	2	7	12	0	0	0	1		0		ConfigAnimal_Tit_01		playing					0	0	0	0	0	0	22001000		5		雨,雷雨,雪	28030403	1		28030403		
28030404	4001	0.14	0.51	0	0	0	0	0	0	0	0	0	0	0	0	0	0	0	0	0	0	1	14	4	2	7	12	0	0	0	1		0		ConfigAnimal_Tit_01		playing					0	0	0	0	0	0	22001000		5		雨,雷雨,雪	28030404	1		28030404		
28030501	4001	0.14	0.51	0	0	0	0	0	0	0	0	0	0	0	0	0	0	0	0	0	0	1	14	4	2	7	12	0	0	0	1	白	0		ConfigAnimal_Wigeon_01		playing					0	0	0	0	0	0	22001000		4			28030501	1		28030501		
28030502	4001	0.14	0.51	0	0	0	0	0	0	0	0	0	0	0	0	0	0	0	0	0	0	1	14	4	2	7	12	0	0	0	1	黑	0		ConfigAnimal_Wigeon_01		playing					0	0	0	0	0	0	22001000		4			28030501	1		28030502		
28030503	4001	0.14	0.51	0	0	0	0	0	0	0	0	0	0	0	0	0	0	0	0	0	0	1	14	4	2	7	12	0	0	0	1	棕	0		ConfigAnimal_Wigeon_01		playing					0	0	0	0	0	0	22001000		4			28030501	1		28030503		
28040101	4001	0.14	0.51	0	0	0	0	0	0	0	0	0	0	0	0	0	0	0	0	0	0	1	14	4	2	7	12	0	0	0	3		0		ConfigAnimal_Fish_01		playing					0	0	0	0	0	0	22002000		5		雪	28040101	1		28040101		
28040102	4001	0.14	0.51	0	0	0	0	0	0	0	0	0	0	0	0	0	0	0	0	0	0	1	14	4	2	7	12	0	0	0	3		0		ConfigAnimal_Fish_01		playing					0	0	0	0	0	0	22002000		5		雪	28040102	1		28040102		
28040103	4001	0.14	0.51	0	0	0	0	0	0	0	0	0	0	0	0	0	0	0	0	0	0	1	14	4	2	7	12	0	0	0	3		0		ConfigAnimal_Fish_01		playing					0	0	0	0	0	0	22002000		5		雪	28040103	1		28040103		
28020401	4001	9999	0.51	0	0	0	0	0	0	0	0	0	0	0	0	0	0	0	0	0	0	1	14	4	2	7	12	0	0	0	1	哈士奇	0		ConfigAnimal_DogPrick_01		sentry02											0				雷雨,雪	28020401	1		28020401		
28020402	4001	9999	0.51	0	0	0	0	0	0	0	0	0	0	0	0	0	0	0	0	0	0	1	14	4	2	7	12	0	0	0	1	喜乐蒂	0		ConfigAnimal_DogPrick_01		sentry02											0				雷雨,雪	28020401	1		28020402		
28020403	4001	9999	0.51	0	0	0	0	0	0	0	0	0	0	0	0	0	0	0	0	0	0	1	14	4	2	7	12	0	0	0	1	柴犬	0		ConfigAnimal_DogPrick_01		sentry02											0				雷雨,雪	28020401	1		28020403		
28020404	4001	9999	0.51	0	0	0	0	0	0	0	0	0	0	0	0	0	0	0	0	0	0	1	14	4	2	7	12	0	0	0	1	德牧	0		ConfigAnimal_DogPrick_01		sentry02											0				雷雨,雪	28020401	1		28020404		
28020501	4001	9999	0.51	0	0	0	0	0	0	0	0	0	0	0	0	0	0	0	0	0	0	1	14	4	2	7	12	0	0	0	1	白	0		ConfigAnimal_Cat_01		sentry02											0		4		雷雨,雪	28020401	1		28020501		
28020502	4001	9999	0.51	0	0	0	0	0	0	0	0	0	0	0	0	0	0	0	0	0	0	1	14	4	2	7	12	0	0	0	1	灰	0		ConfigAnimal_Cat_01		sentry02											0		4		雷雨,雪	28020401	1		28020502		
28020503	4001	9999	0.51	0	0	0	0	0	0	0	0	0	0	0	0	0	0	0	0	0	0	1	14	4	2	7	12	0	0	0	1	白灰	0		ConfigAnimal_Cat_01		sentry02											0		4		雷雨,雪	28020401	1		28020503		
28020504	4001	9999	0.51	0	0	0	0	0	0	0	0	0	0	0	0	0	0	0	0	0	0	1	14	4	2	7	12	0	0	0	1	黑灰白	0		ConfigAnimal_Cat_01		sentry02											0		4		雷雨,雪	28020401	1		28020504		
28020505	4001	9999	0.51	0	0	0	0	0	0	0	0	0	0	0	0	0	0	0	0	0	0	1	14	4	2	7	12	0	0	0	1	虎皮	0		ConfigAnimal_Cat_01		sentry02											0		4		雷雨,雪	28020401	1		28020505		
28020506	4001	9999	0.51	0	0	0	0	0	0	0	0	0	0	0	0	0	0	0	0	0	0	1	14	4	2	7	12	0	0	0	1	黑白	0		ConfigAnimal_Cat_01		sentry02											0		4		雷雨,雪	28020401	1		28020506		
28020507	4001	9999	0.51	0	0	0	0	0	0	0	0	0	0	0	0	0	0	0	0	0	0	1	14	4	2	7	12	0	0	0	1	琴个人线任务用黑猫	0		ConfigAnimal_Cat_01		sentry02											0		4		雷雨,雪	28020401	1		28020507		
28020601	4001	0.14	0.51	0	0	0	0	0	0	0	0	0	0	0	0	0	0	0	0	0	0	1	14	4	2	7	12	0	0	0	1	白	0		ConfigAnimal_Marten_01		sentry02											22000000		4		雷雨,雪	28020401	1		28020601		
28020602	4001	0.14	0.51	0	0	0	0	0	0	0	0	0	0	0	0	0	0	0	0	0	0	1	14	4	2	7	12	0	0	0	1	红	0		ConfigAnimal_Marten_01		sentry02											22000000		4		雷雨,雪	28020401	1		28020602		
28020603	4001	0.14	0.51	0	0	0	0	0	0	0	0	0	0	0	0	0	0	0	0	0	0	1	14	4	2	7	12	0	0	0	1	白灰	0		ConfigAnimal_Marten_01		sentry02											22000000		4		雷雨,雪	28020401	1		28020603		
28020604	4001	0.14	0.51	0	0	0	0	0	0	0	0	0	0	0	0	0	0	0	0	0	0	1	14	4	2	7	12	0	0	0	1	褐	0		ConfigAnimal_Marten_01		sentry02											22000000		4		雷雨,雪	28020401	1		28020604		
28050201	4001	0.14	0.51	0	0	0	0	0	0	0	0	0	0	0	0	0	0	0	0	0	0	1	14	4	2	7	12	0	0	0	1	低等级	0	Test_Mole_MoraDrop	ConfigAnimal_Thoarder_Weasel_01	9003	playing											0		4			28050101	1		28050201		
28050202	4001	0.14	0.51	0	0	0	0	0	0	0	0	0	0	0	0	0	0	0	0	0	0	1	14	4	2	7	12	0	0	0	1	中品质	0	Test_Mole_MoraDrop	ConfigAnimal_Thoarder_Weasel_01	9004	playing											0		4			28020203	1		28050202		
28050203	4001	0.14	0.51	0	0	0	0	0	0	0	0	0	0	0	0	0	0	0	0	0	0	1	14	4	2	7	12	0	0	0	1	高品质	0	Test_Mole_MoraDrop	ConfigAnimal_Thoarder_Weasel_01	9005	playing											0		4			28020203	1		28050203		
