名字编号	名字库编号	是否用于随机
10001	10001	
10002	10001	
10003	10001	
10004	10001	
10005	10001	
10006	10001	
10007	10001	
10008	10001	
10009	10001	
10010	10001	
10011	10001	
10012	10001	
10013	10001	
10014	10001	
10015	10001	
10016	10001	
10017	10001	
10018	10001	
10019	10001	
10020	10001	
10021	10001	
10022	10001	
10023	10001	
10024	10001	
10025	10001	
1	101	
2	101	
3	111	
4	111	
5	121	
7	1001	
8	1101	
9	1102	
10	1103	
11	1201	
12	2101	
13	2111	1
14	2111	1
15	2111	1
16	2112	1
17	2112	1
18	2112	1
19	2201	1
20	2201	1
21	2201	1
22	2201	1
23	2201	1
24	2201	1
25	2201	1
26	2201	1
27	2221	
28	2001	
29	2002	
30	2003	
33	3001	
34	3090	
35	3101	1
36	3101	1
37	3101	1
38	3101	1
39	3101	1
40	3101	1
41	3101	1
42	3101	1
43	3101	1
44	3101	1
45	3101	1
46	3101	1
47	3101	1
48	3101	1
49	3101	1
50	3101	1
51	3101	1
52	3101	1
53	3101	1
54	3101	1
55	3101	1
56	3101	1
57	3101	1
58	3101	1
59	3101	1
60	3101	1
61	3101	1
62	3101	1
63	3101	1
64	3101	1
65	3101	1
66	3111	1
67	3112	1
68	3201	1
69	3201	1
70	3201	1
71	3201	1
72	3201	1
73	3201	1
74	3202	1
75	3202	1
76	3202	1
77	3202	1
78	3202	1
79	3202	1
80	3202	1
81	3203	1
82	3203	1
83	3203	1
84	3203	1
85	3203	1
86	3203	1
87	3203	1
88	3204	1
89	3204	1
90	3204	1
91	3204	1
92	3204	1
93	3204	1
94	3204	1
95	3205	1
96	3205	1
97	3205	1
98	3205	1
99	3205	1
100	3205	1
101	3205	1
102	3205	1
103	4001	1
104	4001	1
105	4001	1
106	4001	1
107	4001	1
108	4001	1
109	4001	1
110	4001	1
111	4001	1
112	4001	1
113	4001	1
114	4001	1
115	4001	1
116	4001	1
117	4001	1
118	4001	1
119	4001	1
120	4001	1
121	4001	1
122	4001	1
123	4001	1
124	4001	1
125	4001	1
126	4001	1
127	4001	1
128	4001	1
129	4001	1
130	4001	1
131	4001	1
132	4001	1
133	4011	1
134	4011	1
135	4011	1
136	4011	1
137	4011	1
138	4011	1
139	4011	1
140	4011	1
141	4011	1
142	4011	1
153	5001	1
154	5001	1
155	5001	1
156	5001	1
157	5001	1
158	5001	1
159	5001	1
160	5001	1
161	5001	1
162	5001	1
163	5001	1
164	5001	1
165	5001	1
166	5001	1
167	5001	1
168	5001	1
169	5001	1
170	5001	1
171	5001	1
172	5001	1
173	5001	1
174	5001	1
175	5001	1
176	5001	1
177	5001	1
178	5001	1
179	5001	1
180	5001	1
181	5001	1
182	5001	1
183	5001	1
184	5001	1
185	5002	1
186	5002	1
187	5002	1
188	5002	1
189	5002	1
190	5002	1
191	5002	1
192	5002	1
193	5002	1
194	5002	1
195	5002	1
196	5002	1
197	5002	1
198	5002	1
199	5002	1
200	5002	1
201	5002	1
202	5002	1
203	5002	1
204	5002	1
205	5002	1
206	5002	1
207	5002	1
208	5002	1
209	5002	1
210	5002	1
211	5002	1
212	5002	1
213	5002	1
214	6001	1
215	6001	1
216	6001	1
217	6001	1
218	6001	1
219	6001	1
220	6001	1
221	6001	1
222	6001	1
223	6001	1
224	6001	1
225	6001	1
226	6001	1
227	6001	1
228	6001	1
229	6001	1
230	6001	1
231	6001	1
232	6001	1
233	6001	1
234	6001	1
235	6001	1
236	6001	1
237	6001	1
238	6001	1
239	6001	1
240	6001	1
241	6001	1
242	6001	1
243	6001	1
244	6001	1
245	6001	1
246	6001	1
247	6002	1
248	6002	1
249	6002	1
250	6002	1
251	6002	1
252	6002	1
253	6002	1
254	6002	1
255	6002	1
256	6002	1
257	6002	1
258	6002	1
259	6002	1
260	6002	1
261	6002	1
262	6002	1
263	6002	1
264	6002	1
265	6002	1
266	6002	1
267	6002	1
268	6002	1
269	6002	1
270	6002	1
271	6002	1
272	6002	1
273	6002	1
274	6002	1
275	6002	1
276	6002	1
277	6003	1
278	6003	1
279	6003	1
280	6003	1
281	6003	1
282	6003	1
283	6003	1
284	6003	1
285	6003	1
286	6003	1
287	6003	1
288	6003	1
289	6003	1
290	6003	1
291	7001	1
292	7001	1
293	7001	1
294	7001	1
295	7001	1
296	7001	1
297	7001	1
298	7001	1
299	7001	1
300	7001	1
301	7001	1
302	7001	1
303	7001	1
304	7001	1
305	7001	1
306	7001	1
307	7001	1
308	7001	1
309	7001	1
310	7001	1
311	7001	1
312	7001	1
313	7001	1
314	7001	1
315	7001	1
316	7001	1
317	7001	1
318	7001	1
319	7001	1
320	7002	1
321	7002	1
322	7002	1
323	7002	1
324	7002	1
325	7002	1
326	7002	1
327	7002	1
328	7002	1
329	7002	1
330	7002	1
331	7002	1
332	7005	
333	7006	
334	7007	
335	7008	
336	7011	1
337	7011	1
338	7011	1
339	7011	1
340	7011	1
341	7011	1
342	7011	1
343	7011	1
344	7011	1
345	7011	1
346	7011	1
347	7011	1
348	7011	1
349	7011	1
350	7011	1
351	7011	1
352	7011	1
353	7011	1
354	8001	
355	8002	
356	8003	
357	8003	
